1 0.078519 0.508178 0.023438 0.021511
1 0.404494 0.523144 0.017487 0.015844
1 0.522356 0.488644 0.021112 0.021200
1 0.561319 0.516956 0.010562 0.015067
1 0.556619 0.497000 0.010337 0.014267
1 0.576906 0.503711 0.009187 0.014667
2 0.414862 0.448489 0.046475 0.024444
1 0.681806 0.443133 0.006412 0.006933
1 0.660263 0.456578 0.005950 0.009378
1 0.227887 0.480422 0.018150 0.019556
1 0.298975 0.467956 0.013475 0.014178
2 0.319550 0.453578 0.077275 0.032267
1 0.464112 0.506178 0.012375 0.011733
1 0.161438 0.498500 0.021425 0.019356
