1 0.546581 0.953733 0.069462 0.092533
1 0.462338 0.961800 0.058575 0.076400
1 0.394950 0.926589 0.049250 0.065889
1 0.330925 0.977000 0.080350 0.046000
1 0.400650 0.852856 0.057550 0.111978
1 0.365662 0.796633 0.043025 0.052067
1 0.313688 0.810922 0.052625 0.077889
1 0.252256 0.821733 0.051062 0.079200
1 0.274681 0.779133 0.050813 0.066800
1 0.219600 0.743189 0.046925 0.071444
1 0.130950 0.912278 0.061425 0.074156
1 0.014669 0.816200 0.029337 0.090622
1 0.087387 0.639878 0.038350 0.053756
1 0.041937 0.665967 0.037450 0.053444
1 0.512250 0.706956 0.035825 0.046089
1 0.582906 0.673033 0.037437 0.051844
1 0.516213 0.625311 0.039425 0.072400
3 0.556887 0.633033 0.024300 0.049267
1 0.443944 0.650000 0.032038 0.046089
1 0.322444 0.630800 0.021237 0.039689
1 0.272650 0.628300 0.025750 0.038467
1 0.224125 0.628989 0.030975 0.039756
1 0.158438 0.627678 0.026500 0.022467
2 0.677813 0.708322 0.097050 0.148644
1 0.960356 0.759089 0.047037 0.057733
1 0.194925 0.633144 0.027475 0.029489
