1 0.542063 0.296556 0.019375 0.023778
1 0.550069 0.279800 0.014612 0.018667
1 0.602313 0.257556 0.010375 0.012444
1 0.093688 0.507333 0.093625 0.076889
1 0.361125 0.326889 0.017500 0.018222
1 0.704888 0.257578 0.007625 0.011778
1 0.412375 0.312400 0.015250 0.017333
1 0.687937 0.283667 0.016625 0.022889
1 0.716637 0.267689 0.008375 0.012889
1 0.644437 0.248111 0.006375 0.009111
1 0.913625 0.340733 0.014625 0.020222
1 0.269325 0.333722 0.018350 0.017222
1 0.876437 0.312889 0.008375 0.011556
1 0.876213 0.321844 0.008000 0.012444
1 0.910125 0.353333 0.013500 0.018667
1 0.956063 0.374389 0.019625 0.025889
1 0.993437 0.408444 0.013125 0.029778
1 0.711700 0.242244 0.004250 0.006889
1 0.721287 0.242578 0.005175 0.008000
1 0.706950 0.249467 0.005750 0.010667
