1 0.630575 0.965822 0.058575 0.068356
1 0.548075 0.959611 0.067725 0.080778
1 0.364519 0.911578 0.074712 0.097467
1 0.325019 0.815544 0.046212 0.064022
1 0.219406 0.806944 0.056438 0.075489
1 0.322600 0.768244 0.055350 0.072622
1 0.231769 0.709000 0.042463 0.066889
1 0.190650 0.727633 0.041925 0.069756
2 0.133406 0.650233 0.070412 0.138556
1 0.098200 0.728589 0.034400 0.056378
1 0.125881 0.745789 0.048912 0.075489
1 0.023031 0.835133 0.046062 0.095556
1 0.802031 0.746944 0.055613 0.088911
1 0.734656 0.761211 0.050763 0.065711
1 0.675869 0.722733 0.045162 0.065689
1 0.615594 0.731678 0.044787 0.061044
1 0.547475 0.670644 0.032475 0.046444
1 0.593012 0.679956 0.036950 0.049156
1 0.650300 0.683933 0.035825 0.051822
1 0.600475 0.645756 0.042175 0.055067
1 0.668406 0.653056 0.030238 0.052422
1 0.078856 0.642233 0.030988 0.045800
1 0.470394 0.679922 0.036587 0.051756
1 0.410113 0.629500 0.026500 0.045133
1 0.364575 0.669644 0.032475 0.037822
1 0.356369 0.644100 0.033963 0.051756
1 0.275044 0.630756 0.028263 0.042844
1 0.246012 0.634211 0.024625 0.029489
1 0.029406 0.675089 0.035838 0.046444
