1 0.066206 0.507856 0.024338 0.025622
1 0.163919 0.483411 0.012913 0.014956
1 0.229888 0.486244 0.015975 0.014622
1 0.126612 0.518311 0.025925 0.037822
1 0.192112 0.484956 0.012275 0.013644
1 0.068100 0.480678 0.010050 0.012422
1 0.042169 0.513144 0.015412 0.017267
1 0.096256 0.506444 0.024463 0.029556
1 0.123425 0.479156 0.015550 0.015378
1 0.843212 0.765711 0.154825 0.166356
1 0.956488 0.521900 0.073275 0.055756
1 0.755050 0.505156 0.061900 0.050133
1 0.400025 0.489811 0.030200 0.027489
2 0.024819 0.474744 0.012737 0.021133
1 0.102794 0.474933 0.018362 0.026133
