1 0.904819 0.549656 0.046887 0.052556
1 0.370650 0.479467 0.018175 0.025289
1 0.418850 0.497944 0.023425 0.036422
1 0.441950 0.487978 0.022100 0.030578
1 0.474950 0.484456 0.022100 0.036422
1 0.524119 0.450744 0.022112 0.027578
2 0.548381 0.433422 0.032338 0.026933
1 0.558756 0.472433 0.018837 0.018244
1 0.593425 0.463633 0.023425 0.029978
2 0.488650 0.419656 0.031025 0.036956
1 0.503644 0.499711 0.021487 0.029378
1 0.214737 0.492700 0.032350 0.044600
1 0.135387 0.524844 0.038675 0.064222
1 0.097613 0.559889 0.048525 0.075911
1 0.181369 0.559156 0.032112 0.051111
1 0.488487 0.534356 0.032100 0.039378
1 0.559150 0.548200 0.032025 0.049644
1 0.561169 0.621156 0.060837 0.061422
1 0.729537 0.484700 0.042700 0.036511
1 0.753312 0.521967 0.049350 0.040822
1 0.711025 0.611711 0.051825 0.065689
1 0.840775 0.518278 0.038675 0.033578
1 0.967006 0.530689 0.065987 0.072978
1 0.783737 0.694922 0.087050 0.089044
1 0.880637 0.677400 0.090325 0.097822
1 0.926769 0.846744 0.146462 0.255489
1 0.856519 0.496378 0.028538 0.027733
1 0.476106 0.450722 0.011887 0.017089
1 0.388650 0.451311 0.016500 0.025289
1 0.329400 0.466856 0.012250 0.029400
1 0.330288 0.446900 0.014650 0.018867
1 0.343975 0.445522 0.013400 0.020511
1 0.413063 0.434589 0.009275 0.017667
1 0.368175 0.456878 0.015875 0.017667
1 0.641075 0.470511 0.027350 0.033200
1 0.645300 0.496144 0.028275 0.033267
1 0.503544 0.448278 0.017137 0.023844
1 0.369175 0.444967 0.014650 0.012778
1 0.306975 0.456878 0.008400 0.023222
1 0.441456 0.440478 0.019138 0.022289
1 0.459919 0.438989 0.015212 0.033489
