1 0.012969 0.476911 0.008512 0.013111
1 0.035088 0.481911 0.009000 0.009778
1 0.270450 0.486322 0.021850 0.022467
1 0.306519 0.485856 0.023212 0.026067
1 0.167187 0.480756 0.014125 0.021111
1 0.135937 0.478978 0.015375 0.017556
1 0.070419 0.481322 0.008563 0.009622
1 0.110544 0.481322 0.010813 0.013889
1 0.058944 0.479722 0.009912 0.011756
1 0.026219 0.480689 0.008488 0.008222
2 0.859938 0.677244 0.280125 0.327822
1 0.494250 0.625433 0.067250 0.075356
1 0.258350 0.538411 0.027800 0.036511
1 0.229894 0.541044 0.038712 0.049022
1 0.234181 0.485456 0.021388 0.026867
1 0.207312 0.481822 0.018375 0.019200
1 0.364219 0.480389 0.051562 0.041444
1 0.151919 0.538900 0.028863 0.032600
1 0.155550 0.513822 0.029375 0.035467
