1 0.590750 0.457022 0.025400 0.014667
1 0.588094 0.481678 0.020162 0.025222
1 0.625894 0.491933 0.027063 0.032844
1 0.641575 0.445000 0.022775 0.022311
1 0.658219 0.474333 0.026437 0.032844
1 0.801937 0.463778 0.028750 0.026978
1 0.703762 0.449700 0.026425 0.036378
1 0.692556 0.486367 0.029038 0.021711
1 0.688794 0.509067 0.029038 0.026400
1 0.433994 0.469056 0.022112 0.025800
1 0.418306 0.499567 0.027088 0.038733
1 0.409575 0.471411 0.010225 0.012911
1 0.513950 0.433389 0.015750 0.019533
1 0.480769 0.453200 0.019087 0.017822
1 0.482600 0.433100 0.027850 0.025178
1 0.555606 0.445878 0.021788 0.024067
1 0.506944 0.456144 0.019913 0.025489
1 0.464300 0.432111 0.011300 0.016400
1 0.429138 0.417867 0.021000 0.027644
1 0.433663 0.432844 0.012475 0.015200
1 0.329600 0.431678 0.008550 0.015667
1 0.264537 0.449656 0.012725 0.019356
1 0.299131 0.449422 0.012987 0.018889
1 0.675037 0.586189 0.042925 0.056467
1 0.571613 0.520111 0.034525 0.053689
1 0.533044 0.564067 0.037013 0.047600
1 0.506912 0.514856 0.028925 0.038778
1 0.463994 0.516800 0.030162 0.043733
1 0.034487 0.582389 0.036725 0.042200
1 0.203344 0.539389 0.028662 0.050156
1 0.225513 0.488422 0.022850 0.035822
1 0.254850 0.458167 0.011650 0.019889
1 0.401156 0.457033 0.019138 0.019356
1 0.382019 0.449111 0.011887 0.019956
1 0.367169 0.451456 0.014513 0.024644
1 0.339056 0.432411 0.012537 0.025711
1 0.334356 0.468522 0.019263 0.031044
1 0.853413 0.501622 0.043850 0.029867
1 0.618119 0.609422 0.050388 0.058667
1 0.938669 0.779611 0.100312 0.121044
1 0.879044 0.687478 0.070213 0.079444
1 0.782637 0.615256 0.057950 0.069356
1 0.860094 0.538978 0.041238 0.043600
