1 0.537456 0.615722 0.028212 0.033400
1 0.648837 0.614089 0.030500 0.039111
1 0.607475 0.587200 0.026150 0.030133
1 0.574013 0.564589 0.016975 0.019133
1 0.716294 0.576156 0.020687 0.028311
1 0.705313 0.565822 0.010825 0.024044
1 0.738413 0.565111 0.014650 0.020933
1 0.020575 0.769600 0.041150 0.086533
1 0.196919 0.735778 0.066287 0.091911
1 0.194581 0.642889 0.051713 0.037156
1 0.359312 0.612822 0.030800 0.024933
2 0.363988 0.722578 0.270050 0.225867
1 0.754400 0.544311 0.010750 0.017600
1 0.821500 0.527689 0.012950 0.024444
2 0.785750 0.532333 0.019550 0.038622
2 0.763475 0.520844 0.020650 0.035200
1 0.797850 0.502511 0.012950 0.020044
