1 0.512794 0.921111 0.061362 0.086000
1 0.294694 0.839722 0.046137 0.059444
1 0.230925 0.864378 0.047700 0.060844
1 0.150319 0.801256 0.046138 0.064511
2 0.143187 0.704022 0.073350 0.116133
1 0.039512 0.714156 0.038100 0.055289
1 0.900288 0.821889 0.052250 0.059156
1 0.733419 0.746689 0.041987 0.061378
1 0.579919 0.727878 0.036088 0.047000
1 0.496875 0.677289 0.037325 0.056400
1 0.561256 0.664844 0.034838 0.053644
1 0.383963 0.689456 0.034825 0.045356
1 0.323931 0.672033 0.031737 0.048111
1 0.258300 0.655722 0.032975 0.049756
1 0.218338 0.661022 0.025275 0.032622
