1 0.285575 0.473422 0.049050 0.063867
1 0.208206 0.399589 0.025712 0.045622
1 0.394319 0.524111 0.103788 0.132800
1 0.540744 0.573111 0.067012 0.084089
2 0.167362 0.385644 0.061775 0.098844
1 0.116969 0.387756 0.033313 0.038844
1 0.076825 0.379944 0.026400 0.034022
1 0.056531 0.377589 0.014188 0.028156
1 0.304244 0.657200 0.078837 0.098089
1 0.093494 0.376422 0.014187 0.023467
1 0.236056 0.382867 0.025412 0.031689
2 0.267075 0.362922 0.051150 0.072733
2 0.843437 0.829300 0.313125 0.341400
1 0.473731 0.785089 0.149787 0.210222
