1 0.455462 0.512411 0.013825 0.017267
1 0.628625 0.482289 0.008250 0.012222
3 0.614563 0.471178 0.010875 0.014444
3 0.470244 0.508767 0.013637 0.020733
3 0.523369 0.492178 0.011887 0.014578
3 0.539356 0.488722 0.024412 0.023044
1 0.391006 0.530378 0.011887 0.015733
1 0.076056 0.512833 0.027213 0.025356
1 0.601812 0.481178 0.010125 0.014444
1 0.216231 0.669311 0.031012 0.034489
1 0.560737 0.562478 0.013100 0.017267
1 0.597875 0.587033 0.019450 0.022556
1 0.976425 0.722722 0.047150 0.049756
1 0.578313 0.489100 0.010825 0.011133
1 0.591163 0.499856 0.008450 0.011889
1 0.562537 0.500822 0.009525 0.010756
2 0.342250 0.459378 0.061950 0.027200
1 0.290025 0.477578 0.016075 0.017511
2 0.238963 0.463533 0.065325 0.032711
1 0.218100 0.485878 0.016850 0.021178
1 0.180388 0.498778 0.019700 0.020267
