1 0.276806 0.321422 0.004138 0.009111
1 0.276806 0.332189 0.006638 0.007578
1 0.300119 0.346189 0.010012 0.015133
1 0.319369 0.341078 0.008512 0.008911
1 0.333000 0.346200 0.009450 0.012533
1 0.284125 0.325422 0.006750 0.013556
1 0.343650 0.367000 0.016950 0.026933
1 0.325575 0.357133 0.011100 0.020533
1 0.369675 0.366467 0.013200 0.017333
1 0.386325 0.369133 0.012600 0.015200
1 0.453331 0.472589 0.030838 0.043711
1 0.422963 0.423211 0.022075 0.032244
1 0.534400 0.435778 0.029950 0.027111
1 0.645969 0.487044 0.048313 0.052578
2 0.358644 0.345389 0.022963 0.027711
2 0.423681 0.382000 0.023137 0.037333
