1 0.677256 0.488122 0.030763 0.037133
1 0.560275 0.439489 0.016550 0.021644
1 0.858631 0.634833 0.055738 0.062111
1 0.940513 0.860578 0.118975 0.154400
1 0.195244 0.505556 0.019513 0.027111
1 0.817069 0.511167 0.034112 0.032778
1 0.726531 0.489233 0.029562 0.033578
1 0.753481 0.509344 0.031287 0.037311
1 0.066731 0.608056 0.052212 0.059444
1 0.581831 0.531811 0.029413 0.032511
1 0.628025 0.549822 0.026700 0.035200
1 0.602113 0.566167 0.032225 0.040111
1 0.104763 0.574622 0.030975 0.050756
1 0.685125 0.570811 0.037250 0.053933
1 0.538275 0.512722 0.023550 0.035889
1 0.496206 0.510344 0.031837 0.043756
1 0.471762 0.484800 0.020525 0.032711
2 0.884506 0.453300 0.102713 0.075489
1 0.525863 0.443578 0.017225 0.027156
1 0.484400 0.436600 0.013700 0.024578
1 0.564781 0.465978 0.017687 0.028044
1 0.600725 0.460300 0.019200 0.031711
2 0.413169 0.463600 0.039187 0.065289
2 0.350806 0.442056 0.030162 0.053089
1 0.380819 0.492911 0.029863 0.058667
1 0.536181 0.470233 0.020837 0.024378
1 0.439144 0.476322 0.010888 0.024378
1 0.261694 0.443422 0.011813 0.016089
