1 0.630263 0.741256 0.045100 0.051711
1 0.980094 0.782833 0.039813 0.049667
1 0.222819 0.897889 0.060512 0.111511
1 0.365469 0.555233 0.008612 0.010556
1 0.354250 0.549667 0.007300 0.009956
1 0.271863 0.738733 0.034275 0.062844
1 0.180619 0.652556 0.019438 0.032444
1 0.676456 0.738722 0.047387 0.050689
2 0.604062 0.646478 0.086100 0.073000
1 0.406769 0.601822 0.016837 0.021111
1 0.469806 0.610322 0.018813 0.015844
1 0.453794 0.593022 0.017162 0.017600
1 0.427725 0.563978 0.011225 0.012311
1 0.545288 0.582400 0.013525 0.012622
1 0.665025 0.591156 0.020625 0.017111
1 0.709031 0.596244 0.021538 0.014267
1 0.342537 0.593078 0.012250 0.013489
1 0.335106 0.580178 0.011913 0.014667
1 0.378688 0.568144 0.011225 0.014067
1 0.384944 0.575489 0.010587 0.008800
1 0.362994 0.568433 0.008287 0.009978
1 0.342869 0.559933 0.010262 0.010578
