1 0.510818 0.554977 0.022125 0.030787
2 0.169971 0.497176 0.018880 0.022111
1 0.153307 0.490972 0.011458 0.012722
1 0.101747 0.489218 0.007797 0.008713
1 0.114328 0.494565 0.010688 0.011481
1 0.318185 0.501884 0.019370 0.020583
1 0.325086 0.523042 0.016255 0.016269
1 0.487201 0.523843 0.013745 0.017944
1 0.470747 0.523843 0.018297 0.023593
1 0.432688 0.534731 0.018094 0.025296
1 0.422219 0.541000 0.018708 0.026389
1 0.496547 0.565241 0.027573 0.033056
1 0.639878 0.550134 0.035911 0.042750
1 0.692302 0.550986 0.027896 0.035343
0 0.798919 0.577495 0.015391 0.033639
