1 0.125850 0.689744 0.037600 0.051578
1 0.200313 0.655189 0.036925 0.044422
1 0.605463 0.453522 0.009700 0.012600
1 0.585500 0.462811 0.010825 0.013933
2 0.213494 0.613544 0.084713 0.094822
1 0.303206 0.600956 0.023912 0.032489
1 0.266281 0.544578 0.017937 0.020578
1 0.386794 0.556100 0.020212 0.024867
1 0.427331 0.520633 0.024862 0.034822
1 0.465094 0.510956 0.013987 0.022089
1 0.522294 0.540522 0.018338 0.022644
1 0.503650 0.491889 0.016475 0.022667
1 0.597069 0.494967 0.016037 0.019889
1 0.642575 0.464800 0.011575 0.016578
1 0.682675 0.450544 0.010450 0.015933
