1 0.229137 0.702422 0.048150 0.069422
1 0.237525 0.664533 0.048975 0.065022
1 0.193937 0.640089 0.038800 0.055244
1 0.173038 0.670156 0.031650 0.046933
2 0.116794 0.649378 0.086938 0.160844
1 0.037613 0.602689 0.027500 0.051822
1 0.449813 0.660044 0.037125 0.045467
1 0.876900 0.754444 0.050600 0.063067
1 0.815300 0.754644 0.052525 0.063556
1 0.922688 0.715533 0.048950 0.056711
1 0.901238 0.687911 0.036300 0.053289
1 0.278762 0.591600 0.019525 0.038622
1 0.296775 0.598444 0.023100 0.045467
2 0.056706 0.559422 0.052562 0.094356
1 0.522413 0.600400 0.031075 0.038622
1 0.594475 0.599178 0.025575 0.046933
1 0.619225 0.600889 0.033825 0.057200
1 0.633387 0.614578 0.028600 0.040578
1 0.723450 0.632178 0.037125 0.050356
1 0.686875 0.638778 0.037675 0.050844
1 0.637650 0.654911 0.036575 0.049867
1 0.567381 0.697444 0.043463 0.051822
1 0.716987 0.681800 0.039600 0.049867
1 0.693338 0.711378 0.045100 0.067956
1 0.860400 0.721400 0.049775 0.046933
1 0.622050 0.968089 0.058850 0.063822
1 0.670863 0.942178 0.085525 0.115644
1 0.345600 0.801189 0.045675 0.056733
1 0.360450 0.745200 0.042375 0.055244
1 0.310675 0.707800 0.048425 0.061600
1 0.265575 0.732978 0.048975 0.070889
