1 0.623613 0.544267 0.088200 0.124222
1 0.718594 0.693378 0.142562 0.180356
1 0.471444 0.431489 0.013862 0.019244
1 0.456869 0.491600 0.014513 0.029244
1 0.431388 0.533689 0.032725 0.049067
2 0.403150 0.477078 0.044700 0.072067
1 0.179750 0.565011 0.026750 0.034422
1 0.382700 0.507467 0.022900 0.036711
1 0.438012 0.474667 0.015975 0.024889
1 0.736025 0.585167 0.045700 0.052556
1 0.561825 0.522256 0.026150 0.036822
1 0.493050 0.522889 0.057150 0.089778
2 0.347375 0.434811 0.015050 0.041178
1 0.360431 0.444067 0.011362 0.021156
1 0.560562 0.448856 0.012475 0.029533
1 0.203244 0.547422 0.021512 0.033156
2 0.333375 0.443356 0.018325 0.046622
1 0.540613 0.450833 0.018725 0.023667
