1 0.477250 0.671467 0.022275 0.030400
1 0.294325 0.975389 0.078900 0.049222
1 0.243987 0.572433 0.009325 0.015933
1 0.268800 0.606911 0.009700 0.015911
2 0.224594 0.608578 0.022763 0.033822
1 0.252387 0.633444 0.013425 0.018578
1 0.244925 0.651011 0.018650 0.028511
1 0.231125 0.685833 0.023875 0.035800
1 0.222544 0.721978 0.027613 0.043111
1 0.272344 0.710033 0.030962 0.056378
1 0.206319 0.792933 0.044387 0.074933
1 0.296213 0.828411 0.060800 0.106111
1 0.359444 0.552544 0.008212 0.013267
1 0.371381 0.553856 0.008212 0.013267
1 0.409806 0.562478 0.010437 0.011933
1 0.377537 0.573433 0.009325 0.012600
1 0.678762 0.591333 0.023875 0.019244
1 0.427775 0.608378 0.020725 0.027644
1 0.528281 0.628178 0.019688 0.019333
1 0.677756 0.799433 0.038538 0.045311
