1 0.628575 0.481311 0.009100 0.014578
3 0.618206 0.474389 0.008662 0.015356
1 0.527975 0.513867 0.011450 0.013067
1 0.049775 0.519333 0.023075 0.022578
1 0.077375 0.520244 0.023325 0.022578
1 0.116125 0.507344 0.023075 0.021667
1 0.273594 0.479478 0.016587 0.018422
1 0.341369 0.466111 0.013737 0.016578
1 0.392437 0.463567 0.012700 0.014289
1 0.450425 0.542478 0.014050 0.018067
1 0.489844 0.527889 0.011663 0.013422
1 0.410025 0.526011 0.015575 0.018422
1 0.456894 0.511989 0.013837 0.014956
1 0.499125 0.497589 0.037825 0.027667
1 0.541463 0.485878 0.010600 0.014956
1 0.605119 0.491767 0.008763 0.012911
1 0.321856 0.608900 0.023288 0.030244
1 0.174725 0.676578 0.036275 0.035022
1 0.148069 0.720378 0.050163 0.063689
