1 0.544675 0.485089 0.009875 0.012444
1 0.297194 0.626633 0.026163 0.033178
1 0.048975 0.758689 0.056025 0.057067
1 0.030844 0.826700 0.061687 0.082956
1 0.267512 0.485411 0.016100 0.017044
3 0.545194 0.507211 0.012988 0.018911
1 0.567875 0.512744 0.012200 0.017978
1 0.481819 0.503067 0.012737 0.015200
1 0.310219 0.475500 0.013688 0.015044
1 0.407256 0.562211 0.021688 0.025889
1 0.498537 0.524033 0.016100 0.019356
3 0.621987 0.464144 0.008125 0.013133
3 0.602725 0.468300 0.009200 0.013133
3 0.620062 0.476744 0.008225 0.013444
