1 0.151693 0.493769 0.011438 0.012519
1 0.040755 0.493005 0.009240 0.009028
2 0.081560 0.491440 0.013859 0.018417
1 0.117859 0.489898 0.016063 0.013685
1 0.265344 0.513875 0.011083 0.013287
1 0.128039 0.497069 0.011922 0.014565
1 0.198813 0.503750 0.009667 0.012148
1 0.208474 0.507644 0.010708 0.012139
1 0.232440 0.506500 0.011224 0.013519
2 0.906802 0.568597 0.124333 0.112287
1 0.649177 0.553556 0.025010 0.031352
1 0.599229 0.546880 0.020969 0.023093
1 0.618099 0.542431 0.018927 0.021769
1 0.424487 0.541481 0.021651 0.027259
1 0.442206 0.539579 0.016495 0.023139
