1 0.089637 0.390444 0.064800 0.051156
1 0.876400 0.316756 0.007750 0.010889
1 0.924025 0.347556 0.021000 0.025333
1 0.885525 0.331778 0.007500 0.010222
1 0.896937 0.327556 0.006375 0.010667
1 0.879687 0.323556 0.008125 0.012889
1 0.717031 0.272178 0.013862 0.018444
1 0.930125 0.368556 0.017750 0.021111
1 0.710719 0.251067 0.006512 0.009556
1 0.642625 0.251222 0.007750 0.011333
1 0.618325 0.260444 0.010500 0.015111
1 0.606888 0.266778 0.011125 0.014889
1 0.586075 0.265111 0.012500 0.016000
1 0.555687 0.278889 0.016625 0.022222
1 0.488813 0.329889 0.025125 0.029556
1 0.359562 0.326667 0.018875 0.022222
