1 0.224894 0.694256 0.027237 0.037800
1 0.274319 0.651144 0.017162 0.028511
1 0.243731 0.658122 0.018662 0.029178
1 0.421481 0.624156 0.017913 0.017911
1 0.475944 0.636100 0.022387 0.023222
1 0.487131 0.606244 0.015663 0.016578
1 0.540288 0.625156 0.019025 0.017244
1 0.545331 0.579067 0.016412 0.017911
1 0.801594 0.715767 0.045637 0.033000
1 0.841425 0.599556 0.024750 0.026133
1 0.344600 0.585922 0.011600 0.020644
1 0.280625 0.961933 0.112875 0.076133
1 0.335419 0.873433 0.066463 0.103133
1 0.221000 0.882033 0.068400 0.140956
1 0.200106 0.809589 0.044638 0.083089
1 0.207362 0.725556 0.033350 0.041067
1 0.203600 0.763756 0.035500 0.039156
1 0.271550 0.749911 0.037125 0.063022
