1 0.454000 0.432356 0.012300 0.017067
1 0.616956 0.572756 0.032338 0.044267
1 0.819387 0.474556 0.028475 0.031333
1 0.704238 0.581511 0.042025 0.047200
1 0.525325 0.435689 0.008550 0.013067
1 0.488950 0.435689 0.014400 0.021067
1 0.469075 0.441289 0.015750 0.024267
1 0.435775 0.435556 0.012450 0.020800
1 0.579400 0.591533 0.042300 0.059600
1 0.579731 0.464044 0.023138 0.026933
1 0.610544 0.454256 0.018912 0.028822
1 0.341269 0.465589 0.016662 0.026911
1 0.975344 0.584522 0.049313 0.069178
1 0.525175 0.454622 0.016950 0.025333
1 0.536725 0.449156 0.013050 0.017600
2 0.273125 0.429678 0.016000 0.042644
2 0.357163 0.445444 0.026350 0.051822
2 0.384806 0.456778 0.034563 0.057600
1 0.862069 0.475111 0.031863 0.035556
1 0.971375 0.467367 0.057250 0.062156
1 0.505437 0.551922 0.030125 0.039400
1 0.511606 0.602956 0.037037 0.044756
