1 0.915613 0.666256 0.102025 0.093667
1 0.653519 0.533656 0.106137 0.103400
1 0.383225 0.533056 0.054125 0.080289
1 0.412994 0.434511 0.034288 0.041378
1 0.319581 0.396189 0.030862 0.040156
1 0.269537 0.399067 0.023800 0.025822
1 0.253200 0.423122 0.038650 0.049267
1 0.233075 0.447756 0.037325 0.046933
1 0.112950 0.391433 0.025450 0.032867
1 0.165087 0.371778 0.022150 0.024044
2 0.144956 0.356233 0.032037 0.044600
1 0.083081 0.387333 0.019838 0.022311
1 0.066763 0.381178 0.018150 0.022889
1 0.026812 0.377944 0.019500 0.022289
