1 0.111806 0.745122 0.061813 0.088867
2 0.939519 0.769011 0.082237 0.115622
1 0.949194 0.835900 0.067187 0.077400
1 0.692013 0.711678 0.048375 0.067844
1 0.263100 0.801022 0.044075 0.072622
1 0.494481 0.730311 0.047838 0.074533
1 0.530763 0.936233 0.049450 0.064022
1 0.544469 0.705467 0.037088 0.053511
1 0.564356 0.661989 0.027413 0.035356
1 0.365494 0.676322 0.031713 0.044911
1 0.184356 0.753722 0.038163 0.048733
1 0.351456 0.652456 0.025138 0.035489
1 0.324469 0.656233 0.023588 0.033622
1 0.244638 0.656011 0.036550 0.043311
