1 0.492894 0.575033 0.016188 0.013044
1 0.581294 0.583478 0.016837 0.016111
1 0.241838 0.641656 0.018650 0.028733
1 0.413363 0.562144 0.011225 0.012600
1 0.410013 0.584033 0.011975 0.015267
1 0.977062 0.785111 0.045875 0.052400
1 0.985019 0.602600 0.029963 0.027600
1 0.946962 0.603522 0.033150 0.021133
1 0.819119 0.600089 0.028762 0.021644
1 0.698031 0.679167 0.031112 0.032689
2 0.522669 0.645267 0.087212 0.085200
1 0.616894 0.670600 0.030862 0.025333
1 0.555475 0.704178 0.030225 0.031867
1 0.246925 0.619933 0.013400 0.018222
1 0.231581 0.698022 0.015537 0.040889
1 0.230025 0.673978 0.018650 0.019333
1 0.236712 0.660167 0.017725 0.022644
1 0.328063 0.910522 0.073650 0.108867
2 0.199137 0.788778 0.068275 0.224400
1 0.133637 0.697100 0.016650 0.039133
1 0.285900 0.807400 0.044100 0.072578
1 0.278644 0.730522 0.030663 0.052511
1 0.270900 0.693878 0.030775 0.049178
1 0.224744 0.608500 0.011188 0.022111
