1 0.379544 0.464767 0.010888 0.012911
1 0.569137 0.570089 0.015175 0.022889
1 0.561706 0.522856 0.008912 0.016422
1 0.537619 0.504367 0.010887 0.015844
1 0.451487 0.534878 0.013525 0.017000
1 0.457431 0.507311 0.012212 0.018178
1 0.351000 0.534589 0.018475 0.018778
1 0.520794 0.492056 0.010888 0.013489
1 0.596194 0.491767 0.008588 0.010556
1 0.612862 0.468300 0.010900 0.016422
1 0.274931 0.487067 0.014187 0.015244
1 0.259919 0.481200 0.011887 0.012889
1 0.340444 0.470644 0.013862 0.014089
1 0.361725 0.461544 0.012200 0.013489
2 0.120162 0.471811 0.092075 0.037533
1 0.427562 0.458911 0.013200 0.014089
