1 0.334763 0.662878 0.021275 0.033178
1 0.568119 0.662611 0.038388 0.048644
1 0.479575 0.945600 0.091075 0.108800
1 0.366294 0.932011 0.051888 0.078956
1 0.201319 0.816556 0.048888 0.074978
1 0.269813 0.760156 0.039575 0.057733
1 0.202069 0.756833 0.040688 0.053756
1 0.195350 0.710378 0.036950 0.055067
1 0.115100 0.684167 0.036200 0.053089
1 0.091588 0.669567 0.026500 0.042467
1 0.038488 0.678511 0.027375 0.041467
1 0.724050 0.785633 0.047400 0.070333
1 0.820913 0.786289 0.051500 0.075644
1 0.951925 0.776678 0.047025 0.061711
1 0.697181 0.690744 0.038437 0.051756
1 0.510556 0.693389 0.037687 0.053089
1 0.452331 0.661544 0.027987 0.041133
1 0.398581 0.655578 0.035463 0.049111
1 0.360700 0.660211 0.037325 0.050422
1 0.270931 0.661222 0.027987 0.037822
1 0.237156 0.657233 0.029862 0.035178
3 0.016775 0.638456 0.033550 0.096200
