3 0.801631 0.313311 0.005187 0.013822
3 0.758738 0.304789 0.007525 0.010600
1 0.378581 0.448933 0.038837 0.043467
1 0.217406 0.546533 0.072438 0.085156
1 0.350787 0.358267 0.046175 0.051022
1 0.167194 0.407344 0.034612 0.036422
1 0.542481 0.385256 0.019213 0.024289
3 0.794975 0.287333 0.012300 0.019556
1 0.746944 0.329200 0.012963 0.016133
1 0.774288 0.317689 0.018400 0.025333
1 0.672294 0.323444 0.008813 0.013822
1 0.629912 0.325744 0.023075 0.025800
1 0.588444 0.337956 0.011663 0.015200
1 0.693681 0.318833 0.015812 0.022111
