1 0.382225 0.362100 0.009375 0.017578
1 0.362038 0.362656 0.012000 0.018244
1 0.364412 0.353878 0.011250 0.013578
1 0.351894 0.360000 0.006287 0.011556
1 0.304063 0.342078 0.015125 0.022244
2 0.284312 0.328311 0.009125 0.013333
1 0.290563 0.341633 0.007125 0.013356
1 0.391662 0.370433 0.012500 0.014689
1 0.375475 0.369222 0.010625 0.015778
1 0.283188 0.337078 0.005625 0.009133
1 0.327562 0.343189 0.004625 0.008911
1 0.315006 0.336078 0.005512 0.012911
1 0.321250 0.342856 0.006250 0.010467
1 0.396700 0.433189 0.020600 0.025178
1 0.340344 0.379800 0.013313 0.018178
1 0.359469 0.397178 0.017812 0.021644
1 0.807612 0.581022 0.114525 0.101067
1 0.571238 0.467722 0.042025 0.043667
1 0.468375 0.417089 0.024250 0.029822
1 0.407269 0.384656 0.015713 0.018689
