1 0.664356 0.610078 0.035288 0.036600
1 0.059763 0.752500 0.055875 0.058422
1 0.888100 0.682589 0.073300 0.054911
1 0.015312 0.525956 0.029700 0.026044
1 0.560600 0.558678 0.010725 0.015489
2 0.550500 0.534044 0.014300 0.026756
3 0.612844 0.461289 0.014138 0.012000
2 0.579006 0.469644 0.027912 0.024311
1 0.450356 0.510733 0.011862 0.014933
1 0.520069 0.492178 0.009937 0.013067
1 0.531969 0.485722 0.015988 0.014200
3 0.500062 0.448956 0.012125 0.012222
2 0.370975 0.452200 0.048400 0.025733
1 0.387056 0.458278 0.014663 0.015844
1 0.204356 0.485678 0.019262 0.019800
1 0.113638 0.504967 0.026425 0.027711
