1 0.796260 0.706278 0.062302 0.073611
1 0.760078 0.569787 0.030188 0.031648
2 0.627729 0.534352 0.032510 0.046093
2 0.322297 0.517259 0.024417 0.027648
2 0.432216 0.510898 0.020839 0.028481
1 0.449208 0.523713 0.015031 0.017111
1 0.491302 0.528690 0.016198 0.019843
1 0.502867 0.525241 0.014849 0.018741
1 0.390141 0.533481 0.017823 0.023056
1 0.274333 0.513292 0.013844 0.019935
1 0.212904 0.508042 0.011661 0.011083
1 0.210260 0.497134 0.011042 0.013546
1 0.343279 0.507954 0.011786 0.014722
1 0.134823 0.492435 0.012969 0.011926
1 0.278536 0.501991 0.009010 0.011056
1 0.116086 0.493097 0.009193 0.010176
1 0.080745 0.488676 0.009688 0.011352
1 0.089070 0.496435 0.009130 0.008907
3 0.048654 0.484116 0.007703 0.009954
