1 0.151750 0.561067 0.024400 0.032711
1 0.835419 0.525233 0.039912 0.048200
1 0.709100 0.504089 0.029050 0.030044
1 0.645750 0.497233 0.028500 0.033978
1 0.617712 0.461056 0.029675 0.039444
1 0.425944 0.470422 0.016363 0.026267
1 0.401975 0.462867 0.014050 0.016489
1 0.379188 0.453078 0.012875 0.018600
1 0.366013 0.474089 0.015275 0.025600
1 0.451800 0.430900 0.011100 0.013311
1 0.524294 0.525256 0.026912 0.040156
1 0.506375 0.440156 0.015250 0.020133
1 0.800975 0.491067 0.036550 0.038978
1 0.975681 0.526633 0.048637 0.052956
1 0.109531 0.581567 0.035312 0.050200
1 0.212213 0.535356 0.026325 0.037289
1 0.328006 0.441889 0.011987 0.018889
1 0.436056 0.433233 0.011387 0.015311
2 0.474900 0.542411 0.047550 0.093267
1 0.023050 0.628011 0.046100 0.053444
