1 0.239325 0.592144 0.009575 0.015844
1 0.461244 0.972178 0.101412 0.055644
1 0.209181 0.864444 0.051913 0.086578
1 0.206606 0.755678 0.036463 0.067578
1 0.301669 0.581078 0.011088 0.015489
1 0.819975 0.596367 0.027400 0.024067
1 0.563556 0.580822 0.016163 0.015244
1 0.517687 0.579933 0.016175 0.014667
1 0.477919 0.576711 0.011212 0.012889
1 0.425125 0.565267 0.013200 0.012311
1 0.392613 0.559989 0.011550 0.012333
1 0.367694 0.554711 0.010562 0.012311
1 0.333706 0.558822 0.007912 0.011156
1 0.271950 0.619089 0.018250 0.035200
1 0.244625 0.615567 0.016675 0.023933
2 0.540856 0.622967 0.070487 0.058422
1 0.421069 0.623667 0.015437 0.021822
1 0.382256 0.589867 0.014663 0.021822
1 0.632700 0.589622 0.016500 0.017600
1 0.750012 0.703144 0.035975 0.033444
1 0.290369 0.829600 0.059838 0.101378
1 0.276900 0.964078 0.093100 0.071844
