1 0.256463 0.454356 0.009850 0.012444
1 0.927394 0.845944 0.116737 0.141044
2 0.889625 0.491078 0.113575 0.105489
1 0.212731 0.531200 0.025213 0.038978
1 0.892531 0.659056 0.072938 0.081400
1 0.854512 0.535222 0.044500 0.044711
1 0.241819 0.466056 0.014337 0.024689
0 0.471469 0.439300 0.013212 0.017044
1 0.509637 0.525367 0.027825 0.030244
1 0.553531 0.458489 0.019763 0.027067
1 0.508513 0.459289 0.020200 0.028667
1 0.459944 0.512222 0.052863 0.075644
1 0.235750 0.513433 0.018400 0.022289
1 0.246725 0.500678 0.016175 0.023889
1 0.181806 0.531778 0.027737 0.030978
1 0.254519 0.486156 0.009587 0.018889
1 0.347944 0.465644 0.015587 0.020267
1 0.383469 0.465411 0.016588 0.024422
1 0.388637 0.488222 0.016625 0.021200
