1 0.772506 0.689922 0.062488 0.089933
1 0.959387 0.589478 0.060100 0.061711
1 0.995106 0.563589 0.009788 0.053711
1 0.467413 0.529833 0.025675 0.036778
1 0.949200 0.546022 0.055150 0.027867
1 0.851250 0.520300 0.041500 0.045044
1 0.850956 0.675422 0.072337 0.094222
1 0.772781 0.541344 0.036988 0.046511
1 0.636937 0.502222 0.026500 0.030533
1 0.419706 0.538078 0.028738 0.042511
2 0.354744 0.490244 0.039237 0.061111
2 0.363156 0.443833 0.035087 0.042467
1 0.328187 0.446989 0.011175 0.018422
1 0.705981 0.463411 0.022712 0.023222
1 0.706481 0.488189 0.022087 0.033178
1 0.641963 0.475556 0.021250 0.025822
1 0.613569 0.460556 0.019462 0.027244
1 0.583762 0.449500 0.017400 0.027222
1 0.569006 0.459889 0.017888 0.024889
1 0.550069 0.479933 0.021538 0.027200
1 0.544119 0.454122 0.024113 0.028111
1 0.556819 0.446522 0.010637 0.018422
1 0.522850 0.461044 0.017400 0.026267
1 0.503812 0.456200 0.017625 0.025822
1 0.488263 0.441911 0.030075 0.024889
1 0.465306 0.454822 0.017387 0.024889
1 0.437188 0.450211 0.012475 0.019356
1 0.419963 0.444000 0.015300 0.022578
1 0.397269 0.439144 0.010913 0.015667
1 0.391450 0.427633 0.007000 0.007356
1 0.401038 0.426022 0.006475 0.009689
1 0.444456 0.434311 0.011912 0.018889
1 0.462344 0.432933 0.015037 0.013378
1 0.671631 0.515800 0.033263 0.040533
2 0.755250 0.498111 0.086250 0.082000
