1 0.628363 0.480278 0.011500 0.017133
1 0.645925 0.445189 0.009950 0.014378
1 0.594325 0.457900 0.008700 0.012156
1 0.578469 0.465911 0.011812 0.014933
1 0.536038 0.486089 0.011500 0.011067
1 0.491119 0.502944 0.023013 0.022644
2 0.434387 0.512056 0.045700 0.054156
1 0.428325 0.536656 0.019900 0.027089
1 0.465631 0.504056 0.011813 0.017133
1 0.667837 0.460111 0.012125 0.016578
1 0.642969 0.466189 0.010263 0.014378
1 0.564481 0.491889 0.013062 0.017111
1 0.535413 0.504322 0.016475 0.023222
1 0.570075 0.512333 0.014300 0.018222
1 0.480738 0.551800 0.021650 0.028533
1 0.327331 0.591278 0.023137 0.030511
1 0.269663 0.602889 0.026500 0.036489
1 0.181763 0.764789 0.041050 0.049756
