1 0.554863 0.444956 0.016800 0.026533
1 0.574087 0.452933 0.016425 0.018578
1 0.533775 0.452922 0.021650 0.022556
1 0.027088 0.591600 0.041425 0.058400
1 0.168362 0.575344 0.030600 0.044467
1 0.195794 0.550467 0.030237 0.037156
1 0.218375 0.528900 0.021650 0.029844
0 0.235363 0.506333 0.010825 0.029867
1 0.174338 0.525922 0.014925 0.022556
1 0.218569 0.493067 0.018287 0.027200
1 0.529300 0.434133 0.014400 0.014667
1 0.517588 0.434422 0.013500 0.016800
1 0.495706 0.452233 0.012138 0.019133
1 0.500331 0.444900 0.010887 0.022689
2 0.856306 0.631800 0.201313 0.235422
2 0.584256 0.523789 0.081337 0.115711
2 0.509562 0.523111 0.080575 0.108844
2 0.414756 0.466000 0.045738 0.074444
1 0.699119 0.455911 0.024637 0.025867
1 0.672994 0.476144 0.020913 0.026556
1 0.662544 0.449611 0.025388 0.025222
1 0.631006 0.453589 0.018287 0.021222
1 0.493762 0.427867 0.014100 0.022400
1 0.453713 0.420522 0.015300 0.028022
1 0.414712 0.420656 0.012600 0.016556
1 0.345869 0.447811 0.009612 0.016022
1 0.479650 0.429467 0.015000 0.020222
1 0.507087 0.429133 0.012125 0.020889
1 0.600400 0.445956 0.020525 0.024533
1 0.737944 0.458900 0.029862 0.030511
1 0.714800 0.664867 0.057650 0.078711
1 0.168200 0.518944 0.015350 0.023222
1 0.718738 0.480767 0.025725 0.034467
1 0.938344 0.472200 0.066638 0.045556
1 0.638044 0.550622 0.024838 0.045556
1 0.597025 0.593967 0.040325 0.044156
1 0.242644 0.469844 0.013437 0.024533
1 0.660681 0.487756 0.024637 0.027200
1 0.765400 0.497033 0.034825 0.028911
1 0.788969 0.456378 0.032588 0.030400
1 0.883006 0.470822 0.036462 0.037289
1 0.261319 0.444411 0.011013 0.014200
1 0.375800 0.468011 0.015775 0.026111
1 0.362837 0.443244 0.013600 0.020356
1 0.338081 0.454344 0.013338 0.026422
1 0.478713 0.449811 0.022925 0.023489
1 0.256456 0.458044 0.012087 0.016133
1 0.158844 0.542833 0.014563 0.011267
