2 0.052244 0.701900 0.104488 0.070067
2 0.275800 0.537944 0.069725 0.042867
1 0.372475 0.543478 0.017875 0.020733
1 0.419519 0.530578 0.018137 0.029956
1 0.531881 0.536333 0.019963 0.027644
1 0.479919 0.564911 0.022288 0.038711
1 0.531906 0.965133 0.218263 0.069733
1 0.829375 0.717011 0.036725 0.048778
1 0.821731 0.683789 0.035637 0.047222
1 0.720638 0.617733 0.023975 0.034178
1 0.712869 0.591056 0.021812 0.030733
1 0.697425 0.573200 0.016850 0.024978
1 0.667938 0.555533 0.015325 0.024178
1 0.676037 0.529800 0.014250 0.023422
1 0.656619 0.452200 0.010588 0.014978
1 0.670769 0.453933 0.011238 0.013822
1 0.073681 0.835467 0.052562 0.068800
