1 0.462350 0.501656 0.022575 0.029089
1 0.596287 0.466444 0.021950 0.021511
1 0.716544 0.500278 0.030463 0.043000
2 0.366075 0.442700 0.033175 0.042867
1 0.384331 0.479767 0.027762 0.033222
1 0.422825 0.500967 0.022825 0.033222
1 0.665037 0.597833 0.048375 0.045400
1 0.210156 0.499356 0.017912 0.026311
1 0.535819 0.509444 0.021938 0.035822
1 0.227263 0.486689 0.016875 0.020311
1 0.458469 0.435078 0.014288 0.022156
1 0.953262 0.536511 0.053300 0.048578
1 0.638613 0.550844 0.037625 0.048578
1 0.600094 0.533322 0.034937 0.042200
1 0.512975 0.519400 0.026425 0.050978
1 0.486731 0.490389 0.027212 0.035933
1 0.331325 0.456033 0.015575 0.017089
