2 0.834269 0.634578 0.115463 0.191378
2 0.411569 0.484167 0.044112 0.071667
1 0.416344 0.433556 0.015662 0.018889
1 0.100744 0.584889 0.028262 0.053778
1 0.149000 0.586100 0.027000 0.047000
1 0.163081 0.548300 0.011912 0.014511
1 0.175100 0.576989 0.015250 0.044244
1 0.190187 0.568144 0.011825 0.042022
1 0.185831 0.527211 0.023012 0.025444
0 0.637263 0.582222 0.015675 0.037422
1 0.569800 0.454833 0.020875 0.031356
1 0.302981 0.447711 0.011713 0.013067
1 0.197762 0.510778 0.019725 0.029867
1 0.247625 0.470111 0.015750 0.029111
1 0.203500 0.558633 0.016250 0.038733
1 0.114337 0.600844 0.037325 0.057689
1 0.060062 0.600344 0.043125 0.055756
1 0.029644 0.622033 0.059287 0.063044
1 0.610244 0.594289 0.048513 0.066978
1 0.665344 0.559089 0.035812 0.052933
1 0.733869 0.524133 0.031513 0.037511
1 0.984938 0.477678 0.030125 0.043311
1 0.893706 0.526956 0.049838 0.055867
1 0.676231 0.498078 0.024288 0.026956
1 0.553531 0.539833 0.035187 0.051000
1 0.473000 0.508889 0.025250 0.042222
1 0.482406 0.445667 0.023937 0.032222
1 0.531219 0.449267 0.014312 0.022800
1 0.943600 0.683633 0.072050 0.073489
