1 0.726738 0.496133 0.027525 0.034400
1 0.940256 0.541778 0.042488 0.042667
1 0.385319 0.473744 0.015337 0.020333
1 0.210538 0.501200 0.019875 0.030356
1 0.250969 0.495622 0.016638 0.023422
1 0.352875 0.492278 0.017000 0.024333
1 0.464725 0.446656 0.014300 0.022244
1 0.458337 0.485789 0.021825 0.031533
1 0.515631 0.458133 0.016737 0.022844
1 0.591712 0.488800 0.024925 0.033511
1 0.636725 0.484767 0.026950 0.029533
1 0.661538 0.457067 0.018050 0.023867
1 0.655775 0.509922 0.025800 0.027800
1 0.686588 0.477178 0.028075 0.035867
1 0.878650 0.540900 0.051450 0.060867
1 0.408544 0.441300 0.011238 0.015356
1 0.441156 0.451089 0.012963 0.018800
1 0.430900 0.434967 0.013600 0.016511
1 0.423125 0.446478 0.011025 0.019578
1 0.367938 0.451667 0.013825 0.016889
1 0.351950 0.468944 0.021175 0.022289
1 0.342450 0.448778 0.012100 0.014978
1 0.378738 0.456656 0.014250 0.016111
1 0.261338 0.476811 0.017500 0.014200
1 0.254756 0.458389 0.008637 0.019578
1 0.453150 0.437456 0.013175 0.021489
1 0.555812 0.463244 0.026875 0.032489
3 0.329000 0.455122 0.013500 0.028156
1 0.294550 0.453111 0.014100 0.019467
