1 0.990788 0.602644 0.018425 0.024044
1 0.403719 0.579478 0.014213 0.013489
1 0.365931 0.554533 0.007963 0.010578
2 0.340187 0.551311 0.022475 0.024044
1 0.306531 0.574189 0.021812 0.028733
1 0.330619 0.577711 0.008612 0.011156
1 0.356706 0.580356 0.011887 0.014089
1 0.352744 0.597367 0.012537 0.015267
1 0.923975 0.603233 0.034025 0.022867
1 0.796100 0.595011 0.025775 0.019356
1 0.602731 0.669233 0.020463 0.018778
1 0.629112 0.655444 0.022475 0.021689
1 0.242206 0.603867 0.009987 0.015200
1 0.275469 0.665533 0.021388 0.033778
1 0.250994 0.946400 0.097888 0.107200
