1 0.979125 0.533633 0.041750 0.065489
1 0.376894 0.479978 0.016463 0.036400
1 0.346381 0.454711 0.013237 0.020089
1 0.248619 0.467356 0.020638 0.039244
1 0.487481 0.441333 0.022287 0.024933
1 0.464281 0.443433 0.025138 0.035489
1 0.523537 0.473056 0.016075 0.026556
1 0.532519 0.453922 0.017112 0.024422
1 0.508075 0.458333 0.017850 0.022889
1 0.397456 0.437300 0.011588 0.027178
1 0.438944 0.437111 0.011862 0.019111
1 0.441275 0.479544 0.021450 0.038689
1 0.599862 0.462956 0.016775 0.028133
1 0.642856 0.488211 0.026038 0.036422
1 0.698788 0.478567 0.026575 0.038022
1 0.714206 0.528356 0.033837 0.037067
1 0.471063 0.515000 0.021125 0.028222
1 0.658406 0.629900 0.058438 0.069533
1 0.020938 0.613600 0.041875 0.073422
1 0.303419 0.448167 0.012462 0.015533
1 0.328319 0.434656 0.012437 0.029311
1 0.336700 0.440433 0.009975 0.013311
