2 0.311644 0.824200 0.098087 0.188711
2 0.411500 0.822211 0.099925 0.183133
1 0.583512 0.968322 0.053300 0.061311
1 0.667725 0.962867 0.070325 0.074267
1 0.257450 0.966744 0.060475 0.062911
1 0.117931 0.895867 0.062713 0.077244
1 0.128231 0.676889 0.039413 0.066089
1 0.016256 0.656189 0.031363 0.042200
1 0.030119 0.637478 0.033187 0.044600
1 0.215569 0.635500 0.035837 0.042200
1 0.457656 0.639878 0.028213 0.041400
1 0.736475 0.750944 0.043000 0.053356
1 0.800525 0.722689 0.046575 0.065289
1 0.857856 0.782000 0.049262 0.058133
