1 0.506750 0.510389 0.012725 0.017978
1 0.476444 0.450256 0.011662 0.014733
1 0.349294 0.462000 0.014537 0.016133
1 0.145963 0.499578 0.024425 0.024578
1 0.380413 0.554122 0.019100 0.021756
1 0.423162 0.537967 0.015325 0.021444
1 0.347369 0.570678 0.020862 0.021000
1 0.339750 0.595289 0.021175 0.026000
1 0.171475 0.666900 0.043575 0.045356
3 0.604463 0.478422 0.007750 0.012889
3 0.612081 0.480200 0.008013 0.012889
3 0.637081 0.476422 0.007762 0.008889
1 0.581531 0.500722 0.010912 0.014289
1 0.539412 0.507167 0.010650 0.013356
