1 0.481681 0.334678 0.025737 0.027844
1 0.016419 0.573000 0.032837 0.091778
1 0.986625 0.405111 0.026250 0.028889
1 0.546375 0.294222 0.019500 0.024444
1 0.601963 0.264422 0.012125 0.015556
1 0.620025 0.250756 0.010000 0.014444
1 0.637625 0.250778 0.009250 0.012667
1 0.650525 0.246978 0.006500 0.008222
1 0.686687 0.283556 0.018875 0.027556
1 0.703750 0.255889 0.007375 0.012000
1 0.709431 0.251322 0.006512 0.010467
1 0.723250 0.251000 0.005875 0.008889
1 0.899675 0.344756 0.011125 0.016222
1 0.894363 0.339533 0.007500 0.012000
1 0.890175 0.335644 0.009625 0.012667
1 0.392825 0.317344 0.017000 0.017578
1 0.485725 0.283644 0.007125 0.009111
3 0.877300 0.315289 0.011775 0.011867
