1 0.371169 0.924756 0.087813 0.137867
1 0.220906 0.924256 0.067862 0.110511
1 0.292187 0.825411 0.053025 0.077044
1 0.208644 0.828444 0.045613 0.081111
1 0.276219 0.762556 0.033637 0.054756
1 0.213775 0.769133 0.036500 0.053733
1 0.216600 0.727078 0.031875 0.050689
1 0.226606 0.708222 0.022613 0.034489
1 0.228606 0.682178 0.031288 0.044356
1 0.273944 0.648733 0.023762 0.039422
1 0.243650 0.654711 0.017825 0.030267
1 0.229400 0.600156 0.014650 0.019733
1 0.396713 0.640289 0.017425 0.021111
1 0.419875 0.624089 0.015450 0.016889
1 0.621963 0.662678 0.024150 0.028867
1 0.759775 0.592622 0.021775 0.021111
1 0.662750 0.589444 0.020200 0.017600
1 0.889844 0.598322 0.028938 0.020422
