1 0.675200 0.352067 0.010900 0.018178
1 0.696156 0.340333 0.015837 0.029911
1 0.727337 0.334178 0.014850 0.028178
2 0.158625 0.311211 0.080250 0.051711
1 0.363506 0.374367 0.024412 0.019356
2 0.615962 0.325378 0.017150 0.026978
2 0.670419 0.319511 0.012537 0.023467
2 0.752913 0.321867 0.023100 0.035200
2 0.738725 0.299856 0.018475 0.027578
3 0.783444 0.301622 0.006262 0.008800
1 0.700444 0.322144 0.011887 0.015844
3 0.802950 0.291056 0.006700 0.012289
1 0.784587 0.318333 0.011225 0.019378
3 0.766431 0.300256 0.013888 0.016422
