1 0.714381 0.275078 0.013262 0.018244
1 0.702763 0.257200 0.006250 0.008667
2 0.875712 0.316667 0.009450 0.017778
2 0.721944 0.257200 0.014363 0.029556
1 0.710888 0.285089 0.015500 0.025333
3 0.713825 0.240644 0.004875 0.006222
2 0.886937 0.331667 0.013125 0.025556
1 0.951750 0.387667 0.021750 0.024667
1 0.940037 0.370333 0.020375 0.023333
1 0.707763 0.250200 0.006500 0.008889
2 0.312050 0.385889 0.060350 0.073733
3 0.659250 0.241667 0.006000 0.006000
1 0.594425 0.464400 0.064025 0.091244
1 0.291087 0.344200 0.027325 0.024489
1 0.631112 0.253311 0.008250 0.012444
2 0.601925 0.252867 0.016375 0.026667
1 0.527869 0.293100 0.016987 0.017356
1 0.655188 0.323778 0.022375 0.032000
1 0.619150 0.368311 0.030900 0.040800
