1 0.163400 0.947500 0.062350 0.098422
1 0.441006 0.923611 0.058588 0.094600
1 0.076100 0.685167 0.032850 0.049756
1 0.061169 0.654644 0.034337 0.051111
1 0.011587 0.662744 0.023175 0.050422
1 0.690800 0.773733 0.046650 0.062489
1 0.725794 0.725611 0.041362 0.055844
1 0.834656 0.803578 0.059412 0.080178
1 0.933569 0.838978 0.056912 0.072444
2 0.966237 0.776222 0.067525 0.169200
1 0.505263 0.659644 0.039650 0.052533
1 0.405212 0.664944 0.032400 0.044689
1 0.422844 0.652733 0.025663 0.035022
1 0.354400 0.649278 0.028275 0.030867
1 0.317587 0.651356 0.024125 0.037778
