1 0.158587 0.265044 0.009725 0.011911
1 0.174700 0.266422 0.013400 0.013822
1 0.092394 0.288956 0.017738 0.026756
1 0.278425 0.433744 0.037150 0.056422
1 0.366813 0.450944 0.054950 0.074289
1 0.758537 0.410922 0.034175 0.026378
1 0.301162 0.287900 0.011950 0.015933
3 0.150675 0.236022 0.004625 0.008889
3 0.259000 0.272311 0.008700 0.011467
3 0.247338 0.264711 0.006175 0.011467
3 0.235038 0.263778 0.007075 0.011200
3 0.220838 0.250311 0.005175 0.009867
3 0.151875 0.253556 0.005750 0.010667
3 0.193438 0.223444 0.005375 0.007778
3 0.146175 0.220678 0.004875 0.008911
