1 0.342794 0.453233 0.009062 0.020733
1 0.327569 0.456311 0.011013 0.023822
1 0.331888 0.441533 0.008850 0.018044
1 0.687069 0.484278 0.023738 0.032644
1 0.651244 0.485033 0.022837 0.031133
1 0.624819 0.453622 0.023738 0.030267
1 0.595700 0.471500 0.019250 0.031133
1 0.577338 0.458400 0.020150 0.027067
1 0.462900 0.454811 0.017925 0.023089
1 0.483056 0.453222 0.015237 0.027867
1 0.458650 0.432122 0.010300 0.014333
1 0.445656 0.432922 0.014787 0.020689
1 0.590163 0.564833 0.034575 0.050333
1 0.715050 0.508344 0.033400 0.034467
1 0.774644 0.501278 0.035037 0.052111
1 0.828919 0.532744 0.040662 0.048733
1 0.991544 0.546456 0.016912 0.042422
1 0.718669 0.670433 0.062913 0.094244
1 0.261225 0.462911 0.012050 0.016844
1 0.254300 0.494833 0.015850 0.026333
1 0.104713 0.565933 0.030825 0.037644
1 0.529863 0.454356 0.014775 0.025600
1 0.386431 0.460733 0.014038 0.019956
1 0.412938 0.502689 0.021375 0.037289
1 0.495700 0.522044 0.021350 0.035911
1 0.433500 0.489978 0.017475 0.025333
1 0.425475 0.468256 0.018050 0.016067
2 0.355781 0.454433 0.019412 0.034511
2 0.500194 0.436167 0.028987 0.047356
1 0.619844 0.545611 0.031563 0.051667
1 0.442938 0.551422 0.028375 0.042489
1 0.799850 0.469344 0.039400 0.045978
