1 0.709305 0.654611 0.055724 0.068519
1 0.749823 0.643134 0.039052 0.052843
1 0.801159 0.580394 0.033901 0.036324
1 0.669508 0.551495 0.029724 0.034676
1 0.602174 0.550259 0.021359 0.023944
1 0.404396 0.540759 0.016052 0.021241
1 0.357198 0.530606 0.014927 0.016917
1 0.282714 0.516042 0.013438 0.016917
1 0.232531 0.510403 0.011198 0.013935
1 0.223763 0.508579 0.007839 0.010954
1 0.211536 0.505921 0.011385 0.014269
1 0.175612 0.506917 0.010453 0.011611
1 0.098331 0.496468 0.009703 0.011620
1 0.121070 0.498755 0.010891 0.010398
1 0.168852 0.502833 0.007453 0.008444
1 0.192932 0.499472 0.010260 0.010944
1 0.184508 0.498130 0.008099 0.010556
