1 0.363000 0.363900 0.016625 0.018244
1 0.296313 0.346678 0.007750 0.011800
1 0.305469 0.340167 0.009312 0.011667
1 0.311625 0.348789 0.008625 0.010244
1 0.323437 0.354456 0.011500 0.018911
0 0.474950 0.491167 0.021350 0.048778
1 0.543875 0.433544 0.033500 0.043133
1 0.347687 0.351567 0.014000 0.013133
1 0.686550 0.690833 0.099900 0.105444
1 0.982513 0.682322 0.034975 0.075356
1 0.434569 0.397456 0.022863 0.025089
1 0.389269 0.419333 0.020963 0.032000
1 0.357844 0.396322 0.016313 0.020689
1 0.347569 0.369322 0.012638 0.021800
1 0.291844 0.334500 0.009563 0.014556
