1 0.361775 0.456544 0.014000 0.018022
1 0.261594 0.448022 0.010113 0.012933
1 0.987419 0.533878 0.025162 0.049089
1 0.730719 0.491056 0.032137 0.037889
1 0.741350 0.459856 0.034750 0.029933
1 0.678275 0.501000 0.027275 0.035244
1 0.601012 0.445267 0.015350 0.021956
1 0.587575 0.464833 0.019825 0.013356
2 0.390131 0.457544 0.027287 0.046511
1 0.351275 0.466444 0.017375 0.021244
1 0.561631 0.470478 0.016462 0.017978
1 0.870350 0.689733 0.071975 0.077200
1 0.897581 0.475489 0.038813 0.038489
1 0.606425 0.598867 0.035875 0.053156
0 0.645613 0.484078 0.012725 0.030600
1 0.630500 0.495689 0.020575 0.027289
2 0.331175 0.428700 0.016800 0.033844
1 0.871825 0.557767 0.043300 0.053089
1 0.333400 0.464833 0.018325 0.034556
1 0.238212 0.506967 0.023550 0.027267
1 0.160956 0.581622 0.032513 0.050489
1 0.416437 0.428667 0.013475 0.016667
1 0.447050 0.429011 0.011225 0.018644
1 0.504919 0.435011 0.011937 0.011933
1 0.512550 0.445256 0.013100 0.011356
1 0.497812 0.461189 0.018700 0.020644
1 0.477294 0.456567 0.013412 0.023222
1 0.433238 0.474789 0.018700 0.023933
1 0.552862 0.444922 0.014600 0.017311
1 0.627887 0.467156 0.024300 0.024622
1 0.407488 0.523233 0.024675 0.030600
1 0.509756 0.570344 0.043337 0.057133
1 0.732200 0.587978 0.057275 0.068800
