1 0.962500 0.376267 0.022750 0.028267
1 0.900000 0.333044 0.010250 0.012222
1 0.911806 0.341600 0.008863 0.013333
1 0.921556 0.350711 0.011362 0.013778
1 0.937625 0.361111 0.018000 0.021778
1 0.604000 0.258444 0.010000 0.015556
1 0.705819 0.257222 0.007113 0.013111
1 0.698063 0.268222 0.008875 0.014222
1 0.712937 0.287333 0.013875 0.024000
1 0.656937 0.327222 0.023875 0.032667
1 0.657431 0.392289 0.035812 0.052489
1 0.582375 0.399000 0.040250 0.050444
1 0.483369 0.313567 0.028612 0.033267
2 0.240119 0.404644 0.135487 0.146000
1 0.242912 0.741389 0.144075 0.138689
