1 0.186180 0.501444 0.010182 0.014704
1 0.857237 0.679384 0.058484 0.072509
1 0.772971 0.678704 0.057714 0.077981
1 0.625602 0.582935 0.037703 0.054722
1 0.519211 0.557963 0.046557 0.066352
1 0.538622 0.560667 0.019276 0.030852
1 0.479771 0.543940 0.020010 0.027361
1 0.428161 0.533556 0.019146 0.024537
1 0.404880 0.528745 0.017167 0.021028
1 0.382948 0.529736 0.016500 0.024583
1 0.347776 0.518278 0.014698 0.019000
1 0.327648 0.520745 0.015339 0.020157
1 0.316464 0.514056 0.013271 0.016722
1 0.266883 0.511491 0.012557 0.016204
1 0.399018 0.508667 0.014964 0.019000
