1 0.510306 0.551544 0.034387 0.038111
1 0.741344 0.593767 0.062238 0.082556
1 0.333419 0.457767 0.017362 0.024867
1 0.886137 0.521933 0.043475 0.051200
1 0.258375 0.462144 0.018150 0.016111
1 0.213012 0.504278 0.011925 0.023089
1 0.194350 0.508233 0.017625 0.020733
1 0.174400 0.520411 0.014000 0.025844
1 0.162469 0.546444 0.024888 0.041067
1 0.049587 0.608478 0.045150 0.053889
1 0.583481 0.460189 0.023038 0.032022
1 0.914350 0.515600 0.013400 0.033022
1 0.750681 0.494378 0.031363 0.038533
1 0.410588 0.424044 0.008275 0.012489
1 0.297244 0.440878 0.010888 0.013889
0 0.344062 0.480789 0.009125 0.025844
1 0.421838 0.534433 0.028450 0.042911
1 0.455581 0.519389 0.031163 0.032022
1 0.655025 0.492022 0.026100 0.029822
1 0.883444 0.689522 0.073363 0.105667
2 0.440837 0.471511 0.044675 0.072800
1 0.420200 0.426878 0.010500 0.014022
