1 0.824119 0.776944 0.050012 0.072333
0 0.500663 0.680078 0.019975 0.053444
0 0.447475 0.667578 0.018000 0.049556
0 0.429338 0.653511 0.018350 0.048667
1 0.975137 0.788544 0.049725 0.082289
1 0.923406 0.767978 0.053012 0.063689
1 0.751900 0.749733 0.057850 0.081600
1 0.607825 0.713244 0.042175 0.056400
1 0.637500 0.703289 0.030600 0.047111
1 0.528138 0.716889 0.041050 0.055733
1 0.596625 0.654178 0.038450 0.055067
1 0.506300 0.634933 0.030975 0.045778
2 0.447512 0.594122 0.048525 0.098200
1 0.407763 0.635600 0.030225 0.041822
1 0.352338 0.651522 0.035075 0.049756
1 0.389844 0.621000 0.022087 0.037067
1 0.367287 0.638700 0.026125 0.045889
1 0.067363 0.632789 0.025525 0.039800
1 0.097819 0.659856 0.035388 0.054156
1 0.129625 0.643133 0.031800 0.044578
1 0.189856 0.776111 0.051062 0.074844
1 0.202400 0.723556 0.043000 0.057333
1 0.319962 0.819133 0.044325 0.062178
1 0.433737 0.833444 0.052400 0.081200
1 0.534069 0.901133 0.048812 0.066889
1 0.664631 0.970467 0.057338 0.059067
