1 0.349319 0.559367 0.015337 0.017889
1 0.224144 0.715611 0.025063 0.035800
2 0.204875 0.761611 0.057800 0.097089
1 0.208231 0.841189 0.053762 0.106644
1 0.228150 0.945656 0.075700 0.108689
1 0.663594 0.793456 0.045538 0.047089
1 0.839869 0.767933 0.130938 0.075600
2 0.599263 0.643267 0.085425 0.067644
1 0.489387 0.644256 0.026900 0.029844
1 0.597200 0.584900 0.021675 0.017222
1 0.496100 0.575944 0.017200 0.019222
1 0.466444 0.570311 0.014588 0.015911
1 0.451919 0.566667 0.015287 0.016578
1 0.417956 0.564011 0.013088 0.015267
2 0.391675 0.554067 0.021625 0.025867
1 0.306975 0.549422 0.006750 0.009956
