1 0.258088 0.594733 0.011925 0.020400
1 0.336500 0.909433 0.081625 0.137267
1 0.239675 0.936589 0.086775 0.126822
1 0.282837 0.795733 0.039250 0.066178
1 0.208588 0.798556 0.047550 0.092933
1 0.208781 0.733422 0.032912 0.048578
1 0.219275 0.699989 0.023800 0.032378
1 0.230763 0.678167 0.021425 0.032378
1 0.236313 0.587000 0.008750 0.017600
1 0.614500 0.732722 0.036475 0.042956
1 0.419463 0.637322 0.018650 0.023933
1 0.380850 0.594378 0.013500 0.018311
2 0.480763 0.601289 0.073925 0.053378
2 0.417231 0.572844 0.039263 0.032844
1 0.369212 0.553489 0.008575 0.011733
2 0.331100 0.541444 0.024100 0.020533
