1 0.858047 0.572398 0.089115 0.082907
1 0.696208 0.553926 0.024938 0.032833
1 0.597284 0.543199 0.028057 0.033731
1 0.544885 0.583671 0.029125 0.036102
1 0.961576 0.801417 0.076849 0.123130
1 0.970464 0.715639 0.059073 0.068944
1 0.722065 0.568296 0.032318 0.038574
1 0.379495 0.533384 0.017615 0.019472
1 0.399659 0.517759 0.014391 0.015259
1 0.486792 0.524644 0.016104 0.020620
1 0.476643 0.547949 0.020307 0.025176
2 0.403367 0.510037 0.024161 0.027296
1 0.340883 0.509111 0.012214 0.013741
1 0.292328 0.516944 0.015615 0.019519
1 0.320703 0.507875 0.012375 0.015120
1 0.178427 0.494333 0.018552 0.018556
