1 0.605425 0.720856 0.047475 0.069267
1 0.412081 0.809167 0.044487 0.059711
1 0.503369 0.858133 0.052263 0.089067
1 0.521563 0.933867 0.061275 0.092356
1 0.292544 0.846878 0.047413 0.061711
1 0.292544 0.951056 0.066062 0.089578
1 0.708662 0.694178 0.043450 0.065289
1 0.046031 0.834267 0.059762 0.072311
1 0.058275 0.624456 0.023175 0.049089
1 0.025825 0.623133 0.026875 0.037156
2 0.285819 0.591611 0.037638 0.072333
1 0.915125 0.715422 0.047400 0.057733
1 0.872756 0.709778 0.039562 0.066356
1 0.212837 0.664311 0.040750 0.064489
1 0.340037 0.613367 0.027325 0.042200
1 0.365794 0.630878 0.034038 0.043800
1 0.479319 0.605000 0.033638 0.054133
1 0.419994 0.608189 0.030463 0.043000
1 0.572944 0.620522 0.023738 0.035844
1 0.597137 0.614944 0.026425 0.043800
1 0.453356 0.630878 0.033588 0.042200
1 0.205763 0.721800 0.039575 0.055733
2 0.273694 0.724778 0.082862 0.161244
2 0.148281 0.638511 0.068687 0.142667
1 0.044150 0.651456 0.036575 0.049089
1 0.601163 0.683422 0.069425 0.085200
