1 0.584469 0.276400 0.015688 0.023778
1 0.877500 0.319944 0.010125 0.011978
1 0.634500 0.255889 0.009250 0.014000
2 0.609075 0.250489 0.018125 0.029333
1 0.610875 0.264667 0.011500 0.016444
2 0.428425 0.330867 0.077125 0.085333
1 0.529438 0.308444 0.021875 0.028000
1 0.694431 0.332189 0.024188 0.034556
1 0.606112 0.382689 0.037800 0.049156
1 0.328750 0.838467 0.163550 0.183600
1 0.919313 0.350222 0.011375 0.014222
3 0.866906 0.315344 0.008912 0.008778
1 0.637000 0.247778 0.005750 0.008889
1 0.885125 0.334389 0.009875 0.016022
1 0.894500 0.326044 0.009875 0.014000
1 0.881500 0.326611 0.011125 0.011578
