1 0.409075 0.441744 0.027375 0.034244
1 0.326263 0.338122 0.005750 0.009133
1 0.477694 0.450833 0.031613 0.041889
1 0.315925 0.359822 0.009500 0.014667
1 0.329300 0.370722 0.013000 0.020022
1 0.365106 0.355822 0.013387 0.016000
1 0.343925 0.382267 0.015750 0.023111
1 0.280512 0.331889 0.007500 0.010000
1 0.295312 0.343800 0.006750 0.013111
1 0.301875 0.352022 0.005375 0.009111
1 0.307687 0.345800 0.011750 0.014000
1 0.353888 0.351344 0.008250 0.011578
1 0.340637 0.345667 0.010000 0.011333
1 0.322200 0.349889 0.011125 0.010444
1 0.293700 0.333000 0.006375 0.008667
1 0.410863 0.375667 0.015675 0.019511
1 0.371900 0.406222 0.020175 0.026222
1 0.397363 0.396144 0.022875 0.031044
1 0.421394 0.419022 0.022338 0.026889
1 0.693831 0.667944 0.100338 0.121889
1 0.637469 0.545933 0.084062 0.080133
1 0.501306 0.508767 0.051863 0.062067
1 0.375231 0.386867 0.016038 0.018889
1 0.396650 0.377256 0.012800 0.013756
