1 0.158404 0.501671 0.013193 0.014213
1 0.715294 0.658727 0.048484 0.068398
1 0.624167 0.611981 0.039760 0.057000
1 0.665529 0.558097 0.025828 0.030083
1 0.486716 0.561523 0.023891 0.034194
1 0.456086 0.541000 0.020568 0.026944
1 0.434581 0.549421 0.019328 0.021769
1 0.354849 0.523912 0.014698 0.018046
2 0.270732 0.501491 0.026453 0.037056
1 0.234698 0.509273 0.013729 0.018472
1 0.139289 0.499690 0.012776 0.014139
1 0.119724 0.497565 0.010396 0.013852
1 0.089479 0.489648 0.011875 0.010556
1 0.188846 0.496407 0.010578 0.010889
