1 0.428225 0.585289 0.029375 0.036089
1 0.353162 0.579344 0.029150 0.043400
1 0.320713 0.820511 0.052875 0.086178
1 0.611275 0.972811 0.068425 0.054378
1 0.400544 0.873278 0.067913 0.096778
1 0.179831 0.672822 0.038087 0.056222
1 0.182919 0.630900 0.036088 0.050689
1 0.126050 0.635500 0.045100 0.063578
1 0.056719 0.601622 0.033438 0.053911
1 0.008981 0.587344 0.017962 0.038244
1 0.708269 0.694967 0.047287 0.063267
1 0.741419 0.678222 0.038013 0.052222
1 0.712588 0.639256 0.050325 0.074111
1 0.637419 0.611789 0.042112 0.056067
1 0.550913 0.616967 0.035425 0.046467
1 0.475094 0.636744 0.035412 0.045311
