1 0.726581 0.523733 0.007587 0.017022
1 0.524850 0.517289 0.011875 0.014667
1 0.484750 0.519033 0.012875 0.019356
3 0.710669 0.526800 0.011088 0.019022
1 0.655269 0.511022 0.008312 0.011956
1 0.684369 0.533911 0.011088 0.016889
1 0.668731 0.537067 0.014663 0.017600
3 0.705363 0.549044 0.018225 0.021822
1 0.395119 0.524011 0.017112 0.024333
1 0.628925 0.518433 0.010275 0.015222
1 0.602406 0.560500 0.019963 0.028378
1 0.594137 0.521478 0.025100 0.025356
1 0.541988 0.536067 0.016050 0.023644
1 0.273275 0.574533 0.033650 0.035200
