1 0.548375 0.442722 0.012150 0.020556
1 0.497681 0.444733 0.015737 0.019200
1 0.381831 0.478378 0.020638 0.025333
1 0.401519 0.471156 0.017762 0.018889
1 0.365775 0.471044 0.013500 0.029778
1 0.427712 0.466711 0.010625 0.028667
1 0.418338 0.434156 0.013125 0.024889
1 0.393275 0.454111 0.014750 0.017556
1 0.515675 0.459656 0.021450 0.029356
1 0.867194 0.506578 0.041788 0.033022
1 0.522050 0.500189 0.033900 0.042689
1 0.516650 0.550189 0.028500 0.034956
1 0.247200 0.463911 0.011750 0.018222
1 0.235387 0.477356 0.008625 0.025111
1 0.216100 0.479111 0.027700 0.051200
1 0.174806 0.554467 0.046437 0.062756
1 0.502656 0.582522 0.027862 0.049533
2 0.459000 0.478511 0.048300 0.085867
2 0.601131 0.543733 0.057513 0.080889
1 0.896937 0.698856 0.084625 0.107489
1 0.352963 0.456889 0.010875 0.041333
1 0.329025 0.461433 0.010750 0.029578
1 0.535850 0.455000 0.017400 0.023200
1 0.729269 0.499978 0.035288 0.039644
1 0.614081 0.455400 0.020262 0.029867
1 0.590975 0.456856 0.024750 0.036022
1 0.630425 0.479389 0.027150 0.031489
1 0.740381 0.455933 0.032863 0.032533
1 0.653825 0.475389 0.020550 0.029356
1 0.913413 0.661922 0.067500 0.079622
1 0.997531 0.577044 0.004938 0.033733
1 0.783600 0.500800 0.030650 0.054489
1 0.259387 0.451689 0.011875 0.027111
