1 0.906231 0.474011 0.036037 0.035978
1 0.752269 0.494956 0.027712 0.030978
1 0.542969 0.541167 0.031312 0.048333
1 0.586306 0.534544 0.030887 0.041133
1 0.943725 0.890233 0.112550 0.176422
1 0.398781 0.467500 0.015988 0.023089
1 0.425131 0.476333 0.022462 0.031511
1 0.532806 0.447722 0.020512 0.021933
1 0.512288 0.447178 0.019225 0.022267
1 0.501381 0.467333 0.019438 0.018044
1 0.521144 0.465222 0.009713 0.016133
1 0.536587 0.478833 0.019000 0.028822
1 0.585625 0.450222 0.024625 0.026933
1 0.564669 0.464456 0.017287 0.014600
1 0.680013 0.482867 0.023325 0.024622
1 0.711662 0.460889 0.024625 0.024533
1 0.381500 0.474800 0.017275 0.023067
1 0.471900 0.453489 0.011875 0.024222
1 0.457212 0.445444 0.014900 0.021111
1 0.434744 0.434689 0.011887 0.012667
1 0.296613 0.447144 0.011225 0.013089
1 0.329012 0.459056 0.012950 0.025400
1 0.356119 0.460967 0.015337 0.020778
1 0.225425 0.519478 0.025075 0.038200
1 0.198800 0.508333 0.020200 0.035022
1 0.488419 0.439878 0.015988 0.014600
1 0.657000 0.495789 0.023750 0.027133
1 0.579438 0.485744 0.027375 0.033444
