1 0.462331 0.429389 0.023137 0.016556
1 0.253569 0.461544 0.011337 0.020156
1 0.267244 0.451311 0.009563 0.013111
1 0.425825 0.427311 0.011725 0.017600
1 0.327906 0.453556 0.009913 0.019511
1 0.408544 0.429233 0.009187 0.015667
1 0.398831 0.425400 0.010613 0.011200
1 0.385050 0.421711 0.010100 0.011511
1 0.126181 0.546844 0.033288 0.046800
1 0.985094 0.744289 0.029813 0.111467
1 0.578250 0.555500 0.034450 0.050733
1 0.668013 0.491000 0.031225 0.038311
1 0.597869 0.476667 0.024237 0.030667
1 0.580156 0.461900 0.015588 0.025800
1 0.449525 0.495300 0.023175 0.027800
1 0.434237 0.474800 0.018275 0.022933
1 0.538744 0.441789 0.014562 0.022067
1 0.512344 0.437333 0.012687 0.019244
1 0.494431 0.435011 0.017912 0.021222
