1 0.336000 0.359189 0.013625 0.020022
1 0.358312 0.352522 0.010500 0.019133
2 0.377000 0.363744 0.019875 0.030022
1 0.396444 0.372422 0.011512 0.019333
1 0.413631 0.382522 0.021387 0.025356
1 0.439038 0.382822 0.016825 0.013467
1 0.308875 0.352744 0.014125 0.018689
1 0.624750 0.465900 0.045850 0.040156
1 0.323006 0.352744 0.010137 0.014689
1 0.491287 0.427478 0.022675 0.026822
1 0.342094 0.384078 0.015812 0.020289
1 0.474775 0.403411 0.021300 0.028600
1 0.413875 0.413244 0.024750 0.034844
1 0.528388 0.427756 0.032975 0.037378
1 0.499487 0.506567 0.042025 0.058867
1 0.649587 0.501667 0.070325 0.067333
1 0.877250 0.590689 0.091750 0.067600
1 0.674712 0.580589 0.070325 0.081933
1 0.435406 0.401033 0.018437 0.020156
