1 0.952081 0.575922 0.064087 0.062733
1 0.566844 0.477344 0.020162 0.027222
1 0.589800 0.486267 0.020525 0.026622
1 0.629356 0.473333 0.024263 0.031244
1 0.686656 0.475689 0.029113 0.037156
1 0.118987 0.561900 0.030650 0.051178
1 0.670200 0.504100 0.031575 0.047889
1 0.764938 0.537133 0.037150 0.044578
1 0.458600 0.496889 0.024625 0.041200
1 0.591294 0.462711 0.018287 0.024622
1 0.995356 0.757322 0.009287 0.073311
1 0.400000 0.497211 0.017925 0.017978
1 0.366406 0.459089 0.014938 0.019911
1 0.405969 0.473700 0.018663 0.023889
1 0.383019 0.481622 0.016788 0.023956
1 0.350169 0.485600 0.019038 0.030578
1 0.498725 0.440156 0.013800 0.014000
1 0.454869 0.441144 0.009712 0.012022
1 0.460469 0.425589 0.023137 0.035178
1 0.430794 0.432522 0.011562 0.018644
1 0.419225 0.431556 0.010075 0.012622
1 0.379663 0.463378 0.011575 0.015333
1 0.344019 0.465700 0.018663 0.017311
1 0.330575 0.452800 0.011950 0.017911
1 0.345694 0.443467 0.013813 0.014000
1 0.392537 0.435844 0.008950 0.013333
1 0.236144 0.474656 0.014937 0.024600
1 0.254250 0.463700 0.010075 0.019978
1 0.264325 0.443467 0.015300 0.012667
