1 0.017312 0.462222 0.034625 0.064667
3 0.421688 0.196667 0.005625 0.007556
1 0.259288 0.357833 0.041200 0.042200
1 0.289831 0.557456 0.104813 0.115444
1 0.509194 0.338122 0.030262 0.043133
2 0.572981 0.272344 0.019462 0.042867
1 0.563481 0.253267 0.008287 0.014711
1 0.533494 0.219056 0.007563 0.009933
1 0.461669 0.227711 0.007362 0.013067
3 0.401075 0.187956 0.008125 0.013333
3 0.410388 0.191622 0.006000 0.008222
3 0.416450 0.193511 0.004875 0.008444
3 0.387938 0.186889 0.006625 0.009778
3 0.372450 0.184733 0.004375 0.006444
3 0.356512 0.182956 0.008750 0.010444
