1 0.069975 0.578511 0.034300 0.054356
2 0.025688 0.585689 0.051375 0.073067
1 0.255575 0.463633 0.011600 0.017489
1 0.369200 0.463256 0.014350 0.022067
1 0.725794 0.467211 0.022338 0.022422
1 0.676763 0.459322 0.026975 0.030422
1 0.624762 0.456922 0.017275 0.020511
1 0.581838 0.452722 0.015675 0.021889
1 0.554875 0.448189 0.016500 0.019622
1 0.539194 0.476056 0.020613 0.026111
1 0.975563 0.571889 0.048875 0.045111
1 0.211562 0.500556 0.018575 0.027778
1 0.434663 0.473844 0.020475 0.015200
1 0.234569 0.475189 0.018362 0.031400
1 0.179400 0.524211 0.022200 0.031533
1 0.160463 0.545511 0.014175 0.023022
1 0.824063 0.536111 0.035125 0.036667
1 0.511000 0.447778 0.017000 0.019200
1 0.441944 0.497044 0.021612 0.030356
1 0.386225 0.458878 0.013300 0.025800
1 0.837681 0.474144 0.029862 0.030956
1 0.614019 0.549522 0.033212 0.040511
1 0.699481 0.652189 0.056538 0.080511
1 0.534681 0.447344 0.014213 0.014733
1 0.498306 0.438111 0.011887 0.018000
1 0.517931 0.461889 0.016387 0.020178
1 0.904238 0.479389 0.031975 0.035667
1 0.400975 0.432978 0.009450 0.011289
1 0.950812 0.483667 0.039375 0.033111
1 0.437819 0.441489 0.012862 0.019689
2 0.473312 0.435789 0.029125 0.052422
1 0.956087 0.803467 0.082675 0.118400
2 0.426675 0.424489 0.013875 0.029333
1 0.305638 0.448889 0.009575 0.014400
1 0.942431 0.541911 0.044363 0.041600
1 0.252037 0.445956 0.009350 0.007422
1 0.910331 0.692089 0.159087 0.089822
