1 0.217900 0.956311 0.075250 0.087378
1 0.314919 0.893989 0.051063 0.071667
1 0.460300 0.924089 0.061275 0.095556
1 0.452775 0.836178 0.059125 0.107022
1 0.354687 0.824233 0.082225 0.167222
2 0.196400 0.701933 0.082775 0.151911
1 0.070094 0.711000 0.039763 0.051600
1 0.102875 0.897333 0.058050 0.091733
1 0.111450 0.679478 0.041975 0.066867
1 0.511363 0.730589 0.043000 0.056378
1 0.048438 0.684244 0.037700 0.056400
1 0.643538 0.752856 0.045675 0.061311
1 0.722363 0.771978 0.075250 0.104311
1 0.780369 0.782322 0.044338 0.067667
1 0.945019 0.767589 0.043663 0.053089
1 0.922994 0.731756 0.054862 0.075644
1 0.730213 0.704211 0.041050 0.045800
1 0.668250 0.666067 0.043300 0.057067
1 0.642687 0.697244 0.049650 0.055733
1 0.575319 0.691267 0.035837 0.046444
2 0.400825 0.636867 0.062350 0.120756
2 0.345763 0.630889 0.042550 0.065022
1 0.078050 0.607711 0.031175 0.036311
