1 0.595594 0.673467 0.037012 0.046444
1 0.550181 0.661311 0.020838 0.032089
1 0.569313 0.663522 0.019900 0.035400
1 0.922063 0.750111 0.045725 0.054756
1 0.850362 0.732978 0.042925 0.050311
1 0.882088 0.806800 0.053500 0.074089
1 0.764675 0.705600 0.040750 0.050889
1 0.826106 0.772789 0.038562 0.059178
1 0.803250 0.740989 0.043250 0.063044
1 0.761719 0.753156 0.046662 0.063022
1 0.737300 0.788267 0.056925 0.068000
1 0.700606 0.685967 0.037013 0.047000
1 0.704800 0.732700 0.041050 0.050867
1 0.663275 0.739611 0.040750 0.056956
2 0.642431 0.684311 0.058163 0.108933
1 0.602313 0.722478 0.040750 0.056956
3 0.153656 0.651656 0.031363 0.033178
1 0.181475 0.649322 0.024625 0.026733
1 0.207388 0.653700 0.028250 0.032733
1 0.244869 0.653700 0.030062 0.034556
1 0.278687 0.646556 0.034450 0.065422
1 0.304356 0.667067 0.029287 0.051156
1 0.505613 0.651122 0.034500 0.050244
1 0.506794 0.709411 0.050812 0.069133
2 0.011975 0.652267 0.023950 0.095378
1 0.035731 0.669556 0.025688 0.046089
1 0.066206 0.678533 0.022288 0.064044
2 0.101181 0.678544 0.050312 0.083400
1 0.143969 0.686611 0.034213 0.050689
1 0.156144 0.723233 0.036288 0.064067
1 0.194994 0.731478 0.043713 0.091578
1 0.118475 0.754378 0.044450 0.067022
1 0.280100 0.815089 0.045200 0.063689
2 0.455337 0.902356 0.076925 0.132044
