1 0.696456 0.267978 0.010837 0.013289
1 0.578744 0.508867 0.067387 0.088933
1 0.633663 0.347067 0.031000 0.043556
1 0.885275 0.327333 0.010950 0.015733
1 0.097350 0.912000 0.193050 0.176000
2 0.634250 0.239333 0.016250 0.025778
1 0.581863 0.263133 0.010950 0.015200
1 0.586287 0.272867 0.015300 0.018667
1 0.542562 0.298200 0.019950 0.025067
1 0.522475 0.293911 0.017850 0.022133
1 0.387000 0.355522 0.074700 0.071044
1 0.719831 0.262200 0.008162 0.011600
1 0.548125 0.426444 0.049050 0.059467
3 0.710950 0.242489 0.005000 0.006889
1 0.685600 0.288067 0.016375 0.023333
