1 0.087284 0.490958 0.009328 0.009287
2 0.108651 0.485981 0.016979 0.020574
1 0.300719 0.505042 0.012313 0.015361
1 0.850630 0.589389 0.035990 0.035778
1 0.573747 0.591454 0.034828 0.049537
1 0.616701 0.588361 0.032505 0.036463
1 0.439927 0.522907 0.014781 0.015926
1 0.450026 0.517329 0.015875 0.022269
1 0.389008 0.514741 0.015224 0.018241
1 0.378617 0.513931 0.012203 0.012472
1 0.319326 0.522153 0.014151 0.017972
1 0.274599 0.513134 0.011677 0.014028
1 0.260721 0.514574 0.012432 0.013463
1 0.210776 0.497588 0.013177 0.014398
1 0.232320 0.498356 0.010693 0.010176
1 0.163635 0.503736 0.010260 0.011713
1 0.808258 0.589667 0.036766 0.041278
1 0.860927 0.717356 0.082198 0.093287
