1 0.715869 0.282244 0.018012 0.025600
1 0.569412 0.501722 0.076725 0.094911
1 0.498831 0.494722 0.062463 0.067267
1 0.578019 0.399100 0.039387 0.049311
1 0.684250 0.291800 0.015650 0.022400
1 0.720187 0.256000 0.007125 0.011111
1 0.488250 0.333889 0.026000 0.028667
1 0.648563 0.247656 0.006625 0.009578
2 0.626938 0.243222 0.016875 0.026000
1 0.723562 0.241656 0.004125 0.008689
1 0.315000 0.398044 0.059225 0.057600
1 0.416000 0.309778 0.017000 0.017333
1 0.469794 0.291478 0.007838 0.012156
1 0.722187 0.247433 0.004375 0.006422
1 0.493750 0.280889 0.012500 0.012444
1 0.890563 0.336544 0.011500 0.016467
1 0.477900 0.287178 0.009125 0.012889
1 0.923438 0.346556 0.015125 0.022000
1 0.259269 0.447322 0.071462 0.071667
