1 0.373800 0.323700 0.016850 0.022644
1 0.459987 0.297978 0.008650 0.011911
1 0.480938 0.287611 0.007775 0.010378
1 0.542931 0.297978 0.022038 0.028800
1 0.581812 0.276078 0.014250 0.025000
1 0.474062 0.278556 0.012875 0.011333
1 0.882950 0.331933 0.007200 0.010133
1 0.240744 0.454878 0.068687 0.069133
2 0.413006 0.333278 0.076687 0.094111
1 0.662994 0.239544 0.005588 0.010867
1 0.720438 0.262000 0.010875 0.014222
1 0.706581 0.260200 0.007687 0.009067
1 0.707675 0.255789 0.006375 0.009533
1 0.906350 0.338200 0.010200 0.010400
1 0.897200 0.327400 0.007500 0.012800
1 0.876650 0.318867 0.009300 0.014400
1 0.878750 0.325800 0.006600 0.010133
1 0.644019 0.250844 0.007913 0.011511
