1 0.968094 0.834933 0.058312 0.064978
1 0.176125 0.720256 0.048825 0.074644
1 0.033356 0.658878 0.043862 0.055844
1 0.378300 0.866833 0.050075 0.072333
1 0.461344 0.925122 0.058162 0.091800
1 0.466481 0.865678 0.054112 0.074644
1 0.554194 0.924022 0.049763 0.072978
1 0.586544 0.978878 0.067187 0.042244
1 0.825406 0.785633 0.045363 0.055756
1 0.781975 0.805444 0.052850 0.067733
1 0.712394 0.780789 0.042763 0.055311
1 0.714719 0.726878 0.045362 0.063578
1 0.753600 0.701067 0.034475 0.052533
1 0.450456 0.690011 0.035237 0.051622
