3 0.711763 0.248867 0.005500 0.008667
1 0.581937 0.280856 0.014750 0.022733
1 0.722500 0.248667 0.005250 0.009333
2 0.621381 0.406344 0.123113 0.199978
1 0.647325 0.250689 0.007375 0.013556
1 0.706575 0.260622 0.008375 0.011333
1 0.715681 0.289500 0.012963 0.018244
1 0.683281 0.292378 0.016563 0.023378
1 0.360400 0.634444 0.104100 0.101600
1 0.394313 0.385311 0.041375 0.043778
1 0.521750 0.301667 0.016500 0.021111
1 0.885687 0.337111 0.008250 0.010000
1 0.619575 0.263133 0.011125 0.014889
1 0.637819 0.253244 0.007887 0.017778
1 0.633325 0.244911 0.011125 0.024222
1 0.879719 0.327589 0.007837 0.012911
