1 0.985281 0.556289 0.029437 0.066044
1 0.737862 0.740378 0.084600 0.123822
1 0.428081 0.441233 0.014337 0.018244
1 0.722119 0.486111 0.034363 0.034667
1 0.631363 0.573111 0.045725 0.056400
1 0.502419 0.519200 0.031137 0.047022
1 0.513637 0.464178 0.022400 0.029867
1 0.543787 0.460589 0.023050 0.029311
1 0.503994 0.439578 0.017413 0.024889
1 0.389206 0.488511 0.021187 0.026533
1 0.243019 0.479111 0.014337 0.015467
1 0.252519 0.466389 0.017113 0.016600
1 0.336950 0.461967 0.022425 0.035400
1 0.404300 0.440678 0.013375 0.018244
1 0.734100 0.655678 0.056650 0.051178
1 0.809837 0.515000 0.031675 0.036311
