1 0.314444 0.359889 0.011863 0.018444
1 0.433931 0.428278 0.023137 0.032333
1 0.444087 0.464378 0.031825 0.039244
1 0.301394 0.346778 0.009537 0.016222
1 0.641513 0.503356 0.046475 0.045733
2 0.362550 0.351633 0.015100 0.024200
1 0.341813 0.364844 0.013375 0.020800
1 0.573569 0.450678 0.034612 0.036422
2 0.384325 0.384233 0.024600 0.044867
1 0.278288 0.331478 0.006075 0.009978
1 0.282394 0.329356 0.005637 0.008844
1 0.482631 0.423433 0.024237 0.026467
1 0.447288 0.396544 0.016175 0.018867
1 0.290275 0.341833 0.007150 0.015356
