1 0.145875 0.937278 0.069425 0.083622
1 0.018631 0.857244 0.037262 0.086000
1 0.456944 0.939667 0.051962 0.067689
1 0.562200 0.976400 0.054650 0.047200
1 0.502850 0.715911 0.059575 0.069289
1 0.440306 0.671144 0.036863 0.060067
1 0.547863 0.658189 0.026875 0.044600
1 0.591313 0.654600 0.034050 0.048578
1 0.616169 0.681278 0.044338 0.065311
1 0.639013 0.739011 0.043450 0.059711
1 0.657150 0.713922 0.031350 0.039800
2 0.769575 0.764089 0.083300 0.125822
1 0.859806 0.807889 0.042588 0.074844
1 0.805238 0.801433 0.057025 0.080644
1 0.221625 0.652589 0.030225 0.041133
1 0.145487 0.722922 0.037700 0.055756
1 0.077175 0.702033 0.063825 0.125400
1 0.124006 0.698711 0.032888 0.056400
