1 0.180344 0.484444 0.082437 0.074889
1 0.896213 0.316067 0.009350 0.012711
1 0.594737 0.271956 0.012525 0.015644
1 0.530937 0.291556 0.019625 0.020000
1 0.701813 0.259711 0.004500 0.015333
1 0.695425 0.272022 0.011525 0.017289
2 0.716538 0.279067 0.025825 0.058889
0 0.693363 0.285789 0.006300 0.017933
0 0.678862 0.283711 0.005400 0.022711
1 0.588688 0.395889 0.040125 0.053556
1 0.353475 0.326733 0.025200 0.027733
1 0.350288 0.381889 0.042175 0.040222
1 0.552675 0.293067 0.017650 0.022756
1 0.634300 0.252844 0.008650 0.012533
1 0.619437 0.258733 0.011625 0.015422
