1 0.558812 0.663700 0.035850 0.053756
1 0.124913 0.875878 0.063150 0.091578
1 0.225244 0.734956 0.048813 0.075644
1 0.165225 0.691944 0.044350 0.067667
1 0.200950 0.676744 0.030100 0.047933
1 0.084662 0.630656 0.030850 0.047933
1 0.038394 0.610444 0.053388 0.100444
1 0.639925 0.685400 0.038225 0.059511
1 0.537869 0.648344 0.028513 0.040689
1 0.514863 0.633756 0.023975 0.043022
1 0.580300 0.636256 0.025725 0.038778
1 0.375106 0.643933 0.038663 0.047244
1 0.284400 0.631222 0.029025 0.035022
1 0.243700 0.631211 0.029550 0.034111
