1 0.570063 0.281889 0.014875 0.018444
1 0.885987 0.331267 0.006500 0.009556
1 0.232175 0.355967 0.034200 0.031667
1 0.389750 0.316333 0.017750 0.020667
1 0.872800 0.315833 0.004625 0.007578
1 0.877550 0.318178 0.007375 0.010444
1 0.880738 0.324711 0.008750 0.011111
1 0.887675 0.334722 0.007625 0.012022
1 0.894363 0.337044 0.009250 0.012222
1 0.900362 0.344167 0.011000 0.013533
1 0.947062 0.362222 0.016875 0.023556
1 0.720187 0.250889 0.009375 0.013333
1 0.709469 0.246178 0.006137 0.008667
3 0.475313 0.288756 0.009625 0.013333
1 0.659938 0.240644 0.008125 0.012222
2 0.590187 0.257456 0.020375 0.026867
2 0.654125 0.233867 0.010250 0.019111
1 0.604563 0.377889 0.035625 0.043778
1 0.679750 0.290111 0.015500 0.019778
1 0.693769 0.272533 0.010213 0.018222
1 0.705813 0.249667 0.006375 0.011778
1 0.715450 0.287111 0.014100 0.021333
3 0.713475 0.239289 0.004625 0.005556
