1 0.311775 0.378611 0.024450 0.031667
1 0.570037 0.339844 0.014175 0.017644
3 0.608444 0.331678 0.013113 0.013089
1 0.267613 0.393456 0.026025 0.032200
2 0.110813 0.377300 0.100300 0.087178
1 0.048950 0.427822 0.047925 0.053511
2 0.682881 0.335478 0.029113 0.049756
1 0.704344 0.365967 0.019788 0.025933
1 0.578075 0.372822 0.021600 0.029467
3 0.795831 0.292267 0.008588 0.008356
3 0.753100 0.304989 0.009800 0.012689
1 0.155562 0.538400 0.073875 0.076533
3 0.769006 0.324700 0.010738 0.015044
1 0.358956 0.490244 0.037838 0.043511
1 0.401881 0.452644 0.034488 0.036933
