1 0.486744 0.461611 0.057488 0.021889
1 0.802531 0.533078 0.035187 0.040822
1 0.208450 0.513978 0.019350 0.027511
1 0.341594 0.471100 0.013062 0.019978
1 0.367919 0.458133 0.010663 0.019822
1 0.257113 0.455522 0.010025 0.013267
1 0.425875 0.433444 0.011750 0.018889
1 0.399881 0.470189 0.015237 0.027089
1 0.402762 0.438556 0.010000 0.021556
1 0.435694 0.522733 0.027813 0.038222
2 0.595100 0.452233 0.045300 0.061311
2 0.491006 0.524733 0.074838 0.110667
2 0.693456 0.485767 0.074838 0.088467
1 0.413000 0.439211 0.012250 0.023356
