1 0.510675 0.457656 0.014825 0.028778
1 0.882175 0.667533 0.074175 0.086000
1 0.709325 0.612444 0.065150 0.081511
1 0.708038 0.487456 0.035475 0.040244
1 0.628062 0.547078 0.035475 0.047133
1 0.604519 0.574089 0.042563 0.055022
1 0.496488 0.496111 0.022575 0.034400
1 0.514544 0.528167 0.022587 0.036822
1 0.251181 0.470044 0.012437 0.015467
1 0.239363 0.476956 0.014925 0.017156
2 0.401675 0.473700 0.044500 0.065489
1 0.373575 0.503222 0.018350 0.027644
1 0.349781 0.467600 0.014312 0.017244
1 0.326425 0.468933 0.009900 0.019911
1 0.168906 0.547178 0.020213 0.030400
1 0.183994 0.516489 0.020538 0.028756
1 0.219463 0.494089 0.014325 0.024889
1 0.457144 0.501267 0.023862 0.040133
1 0.366731 0.429389 0.008388 0.009400
1 0.444775 0.431611 0.011550 0.012733
2 0.404681 0.418333 0.021462 0.033733
1 0.342313 0.441011 0.010575 0.010511
1 0.331425 0.455667 0.011200 0.012178
1 0.360037 0.455667 0.010575 0.013289
