1 0.824106 0.682944 0.046363 0.049978
1 0.985225 0.730467 0.029550 0.063378
1 0.592463 0.968022 0.064550 0.063956
1 0.317013 0.705478 0.045975 0.066867
1 0.150294 0.679778 0.043612 0.064756
1 0.138631 0.633311 0.036837 0.043644
1 0.066163 0.594589 0.040000 0.059133
1 0.163556 0.606911 0.037662 0.061244
1 0.186531 0.580511 0.027362 0.033778
1 0.284162 0.584033 0.031675 0.046467
1 0.338400 0.598467 0.030925 0.054222
1 0.359188 0.581222 0.026575 0.045067
1 0.420375 0.630844 0.036475 0.044356
1 0.552844 0.640356 0.037662 0.053511
1 0.564719 0.588256 0.027363 0.042244
