1 0.620494 0.576978 0.025162 0.038711
1 0.034194 0.800411 0.068388 0.098156
1 0.708881 0.582044 0.019462 0.026711
2 0.679069 0.541267 0.030863 0.047467
1 0.429975 0.756300 0.073150 0.083622
1 0.393763 0.671367 0.063450 0.065044
1 0.511525 0.608000 0.057850 0.053733
1 0.655094 0.616378 0.025937 0.034578
1 0.681275 0.583667 0.019725 0.022578
1 0.784700 0.520756 0.019725 0.031333
1 0.716919 0.540800 0.010138 0.015200
1 0.743094 0.560167 0.015837 0.024422
1 0.740888 0.520533 0.008325 0.012444
1 0.757862 0.509478 0.009100 0.010600
1 0.769806 0.544167 0.013213 0.025356
1 0.105469 0.724156 0.210938 0.149289
