1 0.602306 0.482111 0.022637 0.030000
1 0.853087 0.559567 0.041075 0.049311
1 0.039113 0.595500 0.029550 0.029222
1 0.144750 0.592411 0.017000 0.038689
1 0.012506 0.613456 0.023737 0.064200
1 0.793319 0.488178 0.058162 0.042578
1 0.989119 0.710744 0.021762 0.099533
1 0.371644 0.506378 0.018787 0.025022
1 0.688231 0.477122 0.031963 0.028200
1 0.258025 0.446711 0.013375 0.011600
1 0.533919 0.456100 0.016487 0.029311
1 0.975375 0.482400 0.038750 0.040978
1 0.630987 0.475067 0.022775 0.028533
1 0.725425 0.499511 0.025150 0.029867
1 0.392313 0.488211 0.016875 0.029356
1 0.411594 0.483322 0.017063 0.024911
1 0.437337 0.450300 0.019900 0.023222
1 0.465644 0.441444 0.014312 0.027644
1 0.480256 0.434822 0.013687 0.019911
1 0.499544 0.448922 0.019288 0.018244
1 0.513694 0.471033 0.021463 0.018244
1 0.128006 0.597389 0.020838 0.045356
1 0.107169 0.605133 0.024563 0.056400
1 0.078863 0.614533 0.033900 0.048667
1 0.356938 0.447267 0.023950 0.043689
1 0.328319 0.445056 0.009637 0.018244
1 0.337025 0.440900 0.009025 0.012156
1 0.385706 0.428456 0.009338 0.017133
1 0.406544 0.429567 0.016163 0.025978
1 0.042781 0.621167 0.019437 0.041222
1 0.042875 0.575544 0.047025 0.044467
1 0.846700 0.515278 0.044850 0.040378
1 0.802887 0.530244 0.041275 0.047067
1 0.692662 0.503289 0.025425 0.030756
1 0.730819 0.464378 0.022862 0.029022
