1 0.660581 0.367000 0.032037 0.046711
1 0.040181 0.403478 0.067187 0.055844
1 0.218094 0.457667 0.086463 0.085156
1 0.429450 0.355922 0.045100 0.050867
1 0.532362 0.306178 0.020850 0.027733
1 0.542712 0.281778 0.017850 0.022133
1 0.624669 0.250044 0.007013 0.009911
1 0.887819 0.333867 0.014187 0.018178
1 0.903775 0.334633 0.010550 0.018600
1 0.719437 0.248222 0.005875 0.008889
1 0.697556 0.321167 0.020337 0.024556
1 0.635631 0.251300 0.009187 0.012156
3 0.713050 0.239000 0.004150 0.006889
1 0.269462 0.334156 0.016450 0.014844
