3 0.797738 0.291444 0.008700 0.013822
1 0.766775 0.301633 0.007800 0.008911
1 0.437987 0.426467 0.032250 0.054000
1 0.397994 0.460289 0.039988 0.071200
1 0.349300 0.457989 0.041925 0.062022
2 0.579681 0.364733 0.058513 0.069733
2 0.019125 0.303300 0.038250 0.051711
1 0.696031 0.320456 0.009337 0.014378
1 0.731906 0.311789 0.009338 0.011044
1 0.742262 0.330456 0.017650 0.024422
1 0.764425 0.326078 0.011175 0.018422
1 0.505706 0.401811 0.030962 0.029933
1 0.748906 0.305267 0.011813 0.013822
1 0.679531 0.324033 0.008738 0.013889
1 0.393487 0.366267 0.028375 0.039111
