1 0.709437 0.254711 0.005250 0.009333
1 0.908150 0.319233 0.011875 0.010244
1 0.901813 0.350333 0.009625 0.016222
1 0.872262 0.316200 0.010500 0.013600
1 0.918869 0.363144 0.016762 0.023400
1 0.932369 0.354833 0.014963 0.023400
1 0.989619 0.400278 0.020338 0.029756
1 0.643750 0.252933 0.007875 0.010222
1 0.724063 0.252600 0.006000 0.009556
1 0.718562 0.271933 0.008250 0.012667
1 0.684375 0.300489 0.016625 0.024444
1 0.680937 0.349911 0.031650 0.047733
1 0.618819 0.264356 0.009887 0.012444
1 0.573275 0.276689 0.018600 0.035733
1 0.392888 0.381133 0.041625 0.048667
1 0.467269 0.643644 0.128037 0.151378
3 0.876563 0.325778 0.005875 0.009333
3 0.880256 0.330344 0.006512 0.009356
3 0.711406 0.249800 0.004938 0.007511
