1 0.405488 0.883578 0.057475 0.084267
2 0.183219 0.745556 0.085462 0.159911
1 0.130606 0.697778 0.022787 0.069689
1 0.030781 0.673700 0.041937 0.062067
1 0.717481 0.778722 0.045162 0.061711
1 0.897200 0.801956 0.048525 0.063022
1 0.935838 0.826833 0.058600 0.063711
1 0.691731 0.720333 0.040687 0.059067
1 0.560906 0.689156 0.035838 0.045778
1 0.506600 0.667578 0.036950 0.055733
1 0.461437 0.692133 0.037700 0.053067
1 0.449119 0.680856 0.030237 0.051756
1 0.403956 0.659622 0.033963 0.047778
1 0.445763 0.645022 0.026500 0.026533
1 0.358794 0.657300 0.023513 0.027222
1 0.288813 0.654311 0.032100 0.043778
1 0.270894 0.648678 0.027613 0.043133
