1 0.625419 0.481778 0.009612 0.011511
3 0.624488 0.462678 0.008300 0.011844
1 0.096625 0.720389 0.054925 0.056956
1 0.054900 0.515189 0.027025 0.024644
2 0.336338 0.455433 0.072550 0.033933
2 0.452062 0.450667 0.047450 0.020267
1 0.413031 0.451189 0.017912 0.019356
1 0.557075 0.547756 0.013325 0.019822
1 0.562813 0.530000 0.007875 0.012489
1 0.468787 0.523278 0.015300 0.016333
1 0.490738 0.526156 0.011700 0.013111
1 0.519269 0.508067 0.012238 0.011556
1 0.548438 0.497200 0.010800 0.012800
1 0.535288 0.484689 0.010800 0.012800
2 0.464550 0.498133 0.047525 0.033956
1 0.504606 0.500378 0.011338 0.009556
