1 0.704338 0.529478 0.036575 0.036867
1 0.509813 0.540089 0.028025 0.044267
1 0.513050 0.487078 0.016875 0.023978
1 0.497756 0.469822 0.027762 0.026311
1 0.444362 0.460578 0.014275 0.019822
1 0.396669 0.446089 0.011687 0.016622
1 0.354550 0.436622 0.008325 0.012444
1 0.335763 0.430933 0.006750 0.009556
2 0.338950 0.423156 0.013125 0.018889
3 0.318200 0.415822 0.009125 0.016222
1 0.309138 0.511822 0.016750 0.021556
3 0.309387 0.485933 0.016000 0.034667
1 0.272075 0.560489 0.023625 0.034444
1 0.219138 0.628156 0.039750 0.053778
1 0.032919 0.859422 0.065838 0.124756
