1 0.311638 0.360689 0.009000 0.012844
1 0.973938 0.781078 0.052125 0.141400
1 0.723812 0.613856 0.083125 0.076600
1 0.466487 0.488500 0.038475 0.048422
1 0.485706 0.416700 0.024213 0.029978
1 0.412194 0.437589 0.031663 0.047756
1 0.380544 0.395722 0.018162 0.022156
1 0.361494 0.374789 0.017263 0.022956
1 0.344544 0.385589 0.014862 0.021622
1 0.326394 0.367589 0.013362 0.018156
1 0.348975 0.353600 0.007500 0.011467
1 0.356244 0.351189 0.007062 0.009356
1 0.302769 0.349722 0.008413 0.010156
1 0.692750 0.678267 0.115000 0.153244
1 0.802612 0.535544 0.094775 0.083578
