3 0.488331 0.195022 0.005938 0.007689
3 0.446081 0.208511 0.006838 0.010267
3 0.464981 0.215222 0.005763 0.010267
3 0.406119 0.190422 0.005763 0.006756
3 0.410031 0.181256 0.007012 0.008956
3 0.373031 0.186233 0.005588 0.007711
1 0.791112 0.209156 0.013975 0.021022
1 0.099013 0.426578 0.077400 0.070178
1 0.281675 0.363989 0.035600 0.046778
1 0.320950 0.330367 0.031350 0.037178
1 0.572812 0.258711 0.011650 0.019111
1 0.465294 0.253689 0.010787 0.018311
2 0.556887 0.223178 0.013175 0.022667
1 0.458750 0.220333 0.006250 0.011333
