1 0.621725 0.480378 0.007300 0.012889
1 0.224044 0.649389 0.030963 0.031578
1 0.187856 0.490156 0.019312 0.018000
1 0.109937 0.505267 0.022750 0.023778
1 0.333006 0.585778 0.021487 0.026400
1 0.387738 0.557911 0.018725 0.022489
1 0.338919 0.536889 0.016812 0.016622
3 0.387300 0.525956 0.016175 0.023467
1 0.241769 0.485189 0.015512 0.017000
1 0.318656 0.473167 0.014188 0.016422
2 0.375088 0.454100 0.049825 0.027578
1 0.476519 0.523800 0.012563 0.017600
1 0.466950 0.539633 0.013225 0.015267
1 0.554894 0.537000 0.010262 0.018178
1 0.600769 0.588033 0.020162 0.027578
1 0.510675 0.512356 0.010925 0.018178
1 0.565950 0.517044 0.009275 0.014667
1 0.590206 0.493289 0.010912 0.021111
1 0.544994 0.507956 0.009612 0.014089
1 0.538581 0.504144 0.007263 0.013489
