1 0.937944 0.452589 0.030637 0.024556
2 0.877562 0.443978 0.074375 0.036044
1 0.274687 0.475167 0.077375 0.033667
1 0.469006 0.599733 0.037987 0.042756
1 0.196575 0.709822 0.070500 0.073067
1 0.072387 0.613578 0.052625 0.045422
1 0.193125 0.594311 0.040250 0.053644
1 0.269363 0.581922 0.037925 0.048156
1 0.300712 0.571611 0.034050 0.049533
1 0.364562 0.564044 0.031725 0.042667
1 0.477006 0.541778 0.018813 0.028667
1 0.750669 0.485633 0.013437 0.021489
2 0.509256 0.521867 0.048362 0.047778
2 0.675431 0.494400 0.034038 0.039022
1 0.575562 0.524644 0.023325 0.029467
1 0.613169 0.524656 0.017012 0.023089
2 0.807556 0.504344 0.028662 0.044600
1 0.770606 0.517089 0.012987 0.015911
