1 0.243169 0.603011 0.012688 0.019889
1 0.232581 0.581256 0.007462 0.013267
1 0.229406 0.571300 0.010813 0.011933
3 0.324338 0.542789 0.009700 0.017222
1 0.377687 0.573956 0.010450 0.011956
1 0.335969 0.548478 0.009637 0.012156
1 0.395500 0.557878 0.008700 0.013267
1 0.413837 0.564222 0.011200 0.011600
1 0.522794 0.578589 0.014612 0.016022
1 0.625838 0.587711 0.023625 0.018800
1 0.409356 0.613944 0.020513 0.027178
1 0.271525 0.668000 0.018650 0.031822
1 0.237013 0.665344 0.018275 0.029178
1 0.216125 0.716733 0.029475 0.043111
