1 0.114208 0.494644 0.011198 0.013546
1 0.238253 0.509023 0.013120 0.016676
1 0.208552 0.504653 0.018010 0.016861
1 0.168721 0.500176 0.011974 0.015759
1 0.739794 0.665815 0.055870 0.069778
1 0.609125 0.600551 0.041094 0.059102
1 0.747414 0.562796 0.033245 0.039407
1 0.705628 0.564028 0.026318 0.041870
1 0.616721 0.542644 0.021286 0.023880
1 0.588573 0.544148 0.022448 0.029648
1 0.561641 0.582310 0.029177 0.042806
1 0.898909 0.590870 0.050328 0.053352
1 0.466729 0.556375 0.022125 0.028565
1 0.486008 0.549111 0.021339 0.029963
1 0.555693 0.536435 0.010531 0.025833
1 0.465924 0.521181 0.015016 0.018972
1 0.418143 0.534102 0.015943 0.021167
1 0.355208 0.522278 0.014396 0.018963
1 0.327143 0.523241 0.013005 0.014852
2 0.378714 0.523653 0.026458 0.039306
2 0.531794 0.551370 0.041151 0.057000
1 0.269115 0.511634 0.013385 0.018102
1 0.020815 0.482431 0.008714 0.010824
1 0.037388 0.489148 0.009370 0.011407
