1 0.264625 0.449800 0.011925 0.015200
1 0.646281 0.450256 0.029838 0.034556
1 0.826662 0.652511 0.079125 0.093111
1 0.574094 0.469844 0.023362 0.027644
1 0.522125 0.522600 0.032950 0.044711
1 0.474175 0.532044 0.031900 0.045156
1 0.636431 0.483433 0.023613 0.032733
1 0.452794 0.485044 0.018687 0.027644
1 0.511900 0.435289 0.016075 0.021200
1 0.464075 0.438733 0.013225 0.019822
1 0.406519 0.494500 0.019987 0.030867
1 0.393044 0.469378 0.018937 0.024889
1 0.371412 0.473533 0.019700 0.032267
1 0.371400 0.446567 0.019200 0.017978
1 0.124913 0.550478 0.031100 0.040556
1 0.185556 0.530433 0.020237 0.030867
1 0.209156 0.494956 0.024362 0.033644
1 0.347813 0.480444 0.016625 0.028578
1 0.337975 0.458789 0.016075 0.026733
1 0.243231 0.470089 0.012712 0.017956
