1 0.251906 0.472922 0.011562 0.020556
1 0.695950 0.518578 0.030350 0.035733
1 0.873600 0.477778 0.032300 0.030222
1 0.182488 0.519056 0.025025 0.033889
1 0.053737 0.615922 0.058975 0.064600
1 0.493469 0.465222 0.016812 0.021111
1 0.416169 0.538400 0.020837 0.030311
1 0.482075 0.449800 0.015675 0.019244
2 0.477637 0.431267 0.051075 0.039911
1 0.257006 0.462089 0.012688 0.019911
1 0.262981 0.451467 0.015687 0.018578
1 0.535081 0.516833 0.023888 0.033844
2 0.324750 0.433211 0.010075 0.032511
1 0.785975 0.498711 0.048525 0.021911
1 0.678694 0.458333 0.018362 0.027244
1 0.556569 0.470811 0.021788 0.026600
1 0.570425 0.445233 0.030775 0.036156
1 0.452225 0.434378 0.011500 0.019333
1 0.437225 0.430378 0.013750 0.019778
1 0.420725 0.430711 0.009250 0.013333
1 0.410850 0.436822 0.010000 0.013111
1 0.155250 0.556256 0.030000 0.041267
1 0.117694 0.596344 0.043863 0.054867
1 0.794319 0.527656 0.033113 0.033578
1 0.665700 0.477333 0.021850 0.030222
1 0.447000 0.527200 0.023250 0.030489
1 0.389750 0.475667 0.016250 0.022000
1 0.333781 0.460844 0.013938 0.019200
2 0.434550 0.474733 0.040400 0.070089
1 0.357881 0.475767 0.017488 0.027133
2 0.730656 0.709756 0.188938 0.231156
1 0.508700 0.549344 0.032100 0.054422
1 0.460525 0.566744 0.033700 0.047844
1 0.232362 0.489511 0.015275 0.027200
1 0.216337 0.495500 0.016575 0.027667
1 0.761269 0.470344 0.029213 0.025978
