1 0.574512 0.279644 0.018750 0.024889
2 0.571625 0.265356 0.019475 0.034978
1 0.697738 0.269689 0.009625 0.015556
1 0.006031 0.546700 0.012063 0.053089
1 0.124187 0.517767 0.114125 0.097578
1 0.337713 0.806778 0.172850 0.192622
1 0.667500 0.364411 0.034350 0.046467
1 0.668906 0.306422 0.022038 0.031867
1 0.898375 0.330556 0.010500 0.013556
1 0.687488 0.283356 0.012625 0.019778
1 0.403831 0.379378 0.038238 0.039556
1 0.880900 0.318067 0.009000 0.011556
1 0.710044 0.249544 0.007013 0.007400
1 0.620563 0.259000 0.011375 0.015333
1 0.638525 0.251711 0.007625 0.010667
1 0.629644 0.249044 0.007888 0.011556
1 0.398144 0.578367 0.104038 0.130867
1 0.722500 0.268444 0.009250 0.012000
1 0.708475 0.257033 0.007000 0.009222
1 0.957006 0.391133 0.020738 0.021511
1 0.966956 0.379011 0.021837 0.028067
