1 0.685589 0.613852 0.040021 0.043778
1 0.946659 0.607694 0.045786 0.047889
1 0.824685 0.586148 0.041172 0.051296
1 0.707138 0.652843 0.046943 0.064296
1 0.872281 0.729185 0.106198 0.123130
1 0.498086 0.563644 0.038859 0.042417
1 0.124898 0.492398 0.007839 0.008593
1 0.100359 0.494500 0.009667 0.010500
1 0.159312 0.498694 0.010094 0.010500
1 0.168495 0.501944 0.009125 0.012019
1 0.193836 0.505000 0.010630 0.012407
1 0.209719 0.504463 0.007729 0.011648
1 0.239010 0.498333 0.010823 0.012926
1 0.219370 0.505755 0.012990 0.018417
1 0.270789 0.510153 0.012526 0.015120
1 0.292823 0.500259 0.012677 0.016222
1 0.288385 0.516259 0.014229 0.015944
0 0.380083 0.530968 0.008042 0.020620
1 0.042003 0.490079 0.008766 0.009509
