1 0.112006 0.749933 0.023513 0.067022
1 0.923519 0.789878 0.049637 0.063044
1 0.701431 0.710911 0.039938 0.055067
1 0.561469 0.708589 0.033963 0.043800
1 0.610550 0.663144 0.027625 0.041800
1 0.574719 0.652522 0.028362 0.044467
1 0.469463 0.675078 0.057475 0.092244
1 0.374656 0.644556 0.028362 0.036489
1 0.024181 0.845811 0.048362 0.087578
2 0.152106 0.754244 0.058263 0.116800
1 0.272500 0.744289 0.045900 0.070356
1 0.218756 0.714433 0.045162 0.074333
1 0.314781 0.830289 0.044588 0.071422
1 0.360525 0.815767 0.046400 0.067267
1 0.324106 0.772911 0.048212 0.052533
1 0.408869 0.832811 0.048737 0.070956
1 0.438419 0.917600 0.053387 0.077422
1 0.488700 0.895489 0.046650 0.059911
1 0.523825 0.970556 0.057275 0.058889
2 0.600163 0.906044 0.119750 0.187911
1 0.058737 0.706600 0.032925 0.052089
1 0.097100 0.678956 0.038625 0.058533
1 0.133781 0.662822 0.034212 0.053911
1 0.030488 0.681722 0.025650 0.052067
2 0.036712 0.628033 0.064025 0.117044
