1 0.607075 0.450533 0.021000 0.023022
1 0.575588 0.445000 0.015550 0.020267
1 0.506637 0.517122 0.032650 0.042867
1 0.474494 0.531400 0.028513 0.029022
1 0.469312 0.502378 0.027475 0.027200
1 0.435881 0.485322 0.024363 0.034556
1 0.506250 0.451689 0.016325 0.023511
1 0.512987 0.432789 0.012700 0.017044
1 0.489144 0.433022 0.013213 0.016578
1 0.455313 0.428189 0.011925 0.020733
1 0.357081 0.463200 0.018137 0.026267
1 0.351637 0.484856 0.017100 0.020733
1 0.658775 0.454011 0.029050 0.027133
1 0.421244 0.432756 0.013063 0.015200
1 0.694819 0.458589 0.022812 0.024422
1 0.207431 0.511922 0.018687 0.029356
1 0.224850 0.491467 0.019325 0.026044
2 0.927237 0.495378 0.130025 0.105956
1 0.976738 0.564178 0.046525 0.034400
1 0.829681 0.723789 0.071287 0.089444
1 0.821206 0.621967 0.063462 0.086689
1 0.644313 0.624722 0.044200 0.056422
1 0.651531 0.552367 0.039913 0.053444
1 0.601369 0.581344 0.041237 0.048022
1 0.554588 0.540622 0.031100 0.046533
1 0.571175 0.523344 0.027475 0.043311
1 0.623275 0.481411 0.025925 0.025800
1 0.821825 0.467811 0.025400 0.023489
1 0.731231 0.461133 0.023588 0.024889
