1 0.258394 0.691167 0.045412 0.068022
1 0.231175 0.670433 0.040750 0.050867
1 0.122519 0.679389 0.050113 0.101756
1 0.163419 0.679111 0.037362 0.044800
1 0.174462 0.648144 0.040775 0.059178
1 0.101694 0.636533 0.032037 0.041467
1 0.074456 0.670544 0.041087 0.055311
1 0.043825 0.621322 0.030200 0.042022
1 0.014069 0.628244 0.028138 0.061378
1 0.378831 0.636256 0.033912 0.044244
1 0.401519 0.625756 0.028963 0.042044
2 0.619975 0.648600 0.087400 0.136578
1 0.812200 0.689511 0.049450 0.065822
1 0.945950 0.791256 0.056925 0.068022
1 0.656213 0.947189 0.069050 0.105622
1 0.583125 0.954378 0.063450 0.090133
1 0.556219 0.896322 0.053188 0.063578
1 0.472700 0.839089 0.046650 0.069689
1 0.403806 0.797889 0.046962 0.059156
1 0.336625 0.799833 0.050075 0.069667
1 0.277056 0.757800 0.044163 0.064133
1 0.213762 0.715233 0.041375 0.060822
