1 0.240819 0.816022 0.060962 0.108933
1 0.205987 0.772344 0.048525 0.069133
1 0.158238 0.690789 0.055675 0.109489
1 0.514537 0.702678 0.042925 0.055844
1 0.655444 0.711511 0.039812 0.052533
1 0.607850 0.657889 0.037950 0.052533
1 0.568344 0.657878 0.024262 0.035933
1 0.718894 0.735578 0.055987 0.087378
1 0.750925 0.790589 0.057225 0.068022
1 0.889519 0.794989 0.058212 0.089089
1 0.982619 0.774833 0.034762 0.057489
1 0.052156 0.683578 0.041837 0.055067
1 0.019881 0.681578 0.025012 0.047111
1 0.269987 0.650144 0.032150 0.043311
1 0.294869 0.648311 0.017112 0.049778
1 0.909331 0.733478 0.045913 0.062378
