1 0.309850 0.339011 0.025375 0.023356
1 0.646238 0.249511 0.007500 0.010889
1 0.186662 0.367944 0.042550 0.034511
1 0.899456 0.347867 0.011162 0.014400
1 0.884425 0.329778 0.009900 0.016000
1 0.293369 0.400122 0.053562 0.049933
1 0.291963 0.424689 0.058525 0.071422
1 0.476469 0.506700 0.074913 0.087089
1 0.715356 0.285278 0.014013 0.021133
1 0.679675 0.291178 0.019375 0.029778
1 0.708375 0.249000 0.005750 0.010000
1 0.626737 0.255178 0.008750 0.014222
1 0.717181 0.260089 0.009338 0.018889
1 0.619188 0.367111 0.031375 0.037778
1 0.049156 0.944433 0.098287 0.111133
1 0.616112 0.254400 0.007500 0.011333
1 0.706544 0.255500 0.007388 0.009578
