1 0.779427 0.694236 0.056656 0.071824
1 0.800070 0.654653 0.054380 0.065306
1 0.707193 0.620394 0.047875 0.062824
1 0.594812 0.579528 0.028375 0.038889
1 0.599336 0.537565 0.022307 0.026278
1 0.499310 0.563981 0.024453 0.032481
1 0.460880 0.542722 0.019083 0.024370
1 0.429169 0.516204 0.016932 0.019111
1 0.353841 0.526097 0.018276 0.023417
1 0.384424 0.512625 0.012901 0.014806
1 0.330542 0.508565 0.013708 0.016241
1 0.288216 0.516421 0.018276 0.022509
1 0.119906 0.489662 0.010750 0.012343
1 0.136208 0.491375 0.008281 0.011546
1 0.150987 0.491773 0.012318 0.012343
1 0.201490 0.498144 0.010750 0.011546
1 0.271695 0.501727 0.010078 0.009954
