1 0.245169 0.622244 0.012213 0.020533
3 0.522394 0.576478 0.013562 0.022867
1 0.595487 0.582344 0.016525 0.015844
1 0.836888 0.597311 0.023475 0.021111
1 0.355806 0.910278 0.089862 0.142778
1 0.270769 0.957467 0.092662 0.085067
1 0.227287 0.920844 0.064625 0.108133
1 0.220131 0.707100 0.028562 0.050689
1 0.268125 0.653878 0.018100 0.028733
1 0.261331 0.595556 0.012212 0.017600
1 0.229156 0.575889 0.009238 0.015822
1 0.957475 0.888600 0.085050 0.090933
1 0.344994 0.549489 0.009237 0.012311
1 0.353906 0.577356 0.012537 0.015244
1 0.371563 0.597311 0.012875 0.015244
1 0.429806 0.634267 0.018488 0.025822
1 0.518413 0.625178 0.016825 0.017022
1 0.559169 0.700567 0.060063 0.051622
1 0.953231 0.791500 0.077212 0.055133
1 0.424044 0.562400 0.010262 0.012311
1 0.399131 0.561511 0.009937 0.011733
