1 0.137232 0.494759 0.008505 0.008241
1 0.100117 0.495449 0.012526 0.012917
1 0.244315 0.512630 0.011755 0.013741
1 0.224521 0.498750 0.017937 0.014019
1 0.200242 0.506856 0.011443 0.014287
1 0.339953 0.507269 0.015000 0.016222
1 0.320935 0.523407 0.014068 0.015944
1 0.394773 0.514690 0.012370 0.014565
1 0.467065 0.522856 0.014380 0.017046
1 0.489174 0.560477 0.025828 0.034046
1 0.714307 0.557699 0.030083 0.035231
1 0.684568 0.559486 0.034073 0.037602
1 0.610250 0.608449 0.037708 0.049935
1 0.116279 0.492977 0.010828 0.009620
