1 0.362969 0.439844 0.010888 0.016133
1 0.162425 0.529511 0.015275 0.026267
1 0.023444 0.597589 0.046887 0.114644
1 0.674594 0.450722 0.025438 0.028333
1 0.716925 0.470189 0.052000 0.074867
1 0.756119 0.452667 0.028263 0.030267
1 0.800931 0.461822 0.029112 0.029467
1 0.830919 0.468600 0.032738 0.027067
1 0.897231 0.470578 0.034488 0.037422
1 0.947575 0.471733 0.040400 0.039911
1 0.991500 0.481689 0.017000 0.035733
1 0.861594 0.519556 0.040362 0.062089
1 0.859156 0.754844 0.172437 0.198267
1 0.351175 0.437578 0.009900 0.016533
1 0.359725 0.451978 0.011100 0.011733
1 0.373812 0.444100 0.010225 0.022156
1 0.371037 0.423433 0.007375 0.010156
1 0.618225 0.464433 0.024000 0.033844
1 0.585612 0.467511 0.022275 0.030756
1 0.557862 0.448322 0.018150 0.032244
1 0.227606 0.485378 0.014687 0.024978
1 0.252212 0.460600 0.014275 0.022311
1 0.394125 0.513000 0.023775 0.034978
1 0.473294 0.506667 0.029612 0.036133
1 0.397369 0.485556 0.019462 0.023067
1 0.491975 0.431978 0.012125 0.015022
1 0.507206 0.445811 0.018813 0.031133
1 0.584756 0.444667 0.023538 0.020356
1 0.550181 0.473644 0.017088 0.024622
1 0.372850 0.479800 0.016225 0.022311
1 0.356981 0.465411 0.011662 0.021133
1 0.634862 0.450611 0.013200 0.023844
1 0.390456 0.453300 0.026812 0.046111
1 0.467706 0.484844 0.033588 0.029200
1 0.440563 0.422722 0.011925 0.019400
1 0.481000 0.429889 0.009325 0.014267
1 0.340288 0.444633 0.012775 0.016822
