1 0.987000 0.731600 0.026000 0.059733
1 0.922713 0.772611 0.055100 0.058911
1 0.907488 0.732000 0.047925 0.033422
1 0.903456 0.697756 0.050613 0.058933
1 0.776025 0.710900 0.047475 0.067667
2 0.680175 0.650389 0.092275 0.145711
1 0.580519 0.675467 0.047037 0.073244
2 0.494519 0.639633 0.081063 0.135356
1 0.429350 0.614944 0.033150 0.049356
1 0.015137 0.612156 0.030275 0.054933
1 0.093656 0.677067 0.039863 0.047778
1 0.243919 0.789733 0.051062 0.077244
1 0.260494 0.738367 0.045687 0.068467
1 0.364181 0.766244 0.041662 0.055733
1 0.642775 0.968322 0.069425 0.063356
