1 0.791519 0.291489 0.009338 0.016044
1 0.684831 0.321078 0.010588 0.015489
1 0.714850 0.334344 0.012750 0.015489
1 0.695081 0.338744 0.013087 0.023267
1 0.594150 0.339089 0.009050 0.015956
1 0.567725 0.341533 0.012750 0.015467
2 0.787619 0.313311 0.017138 0.029911
2 0.738312 0.322978 0.022425 0.034889
2 0.637675 0.351633 0.038700 0.059622
1 0.482231 0.348200 0.015488 0.022933
1 0.475463 0.428467 0.041925 0.052756
1 0.380006 0.365400 0.026437 0.045867
1 0.321313 0.379733 0.025150 0.028667
1 0.278425 0.498411 0.047725 0.061933
1 0.079100 0.625100 0.101950 0.120422
