1 0.028306 0.632422 0.038312 0.050711
1 0.478088 0.442489 0.014700 0.018000
2 0.428819 0.440278 0.019288 0.022422
1 0.449731 0.450633 0.012988 0.024111
1 0.493944 0.462000 0.018138 0.021733
1 0.507406 0.441633 0.014887 0.029889
1 0.537769 0.462178 0.021013 0.040400
1 0.565362 0.456244 0.015850 0.019689
1 0.242013 0.479889 0.015050 0.020667
1 0.221831 0.499344 0.021212 0.027978
1 0.340956 0.495256 0.018612 0.024644
2 0.337788 0.462522 0.022575 0.038022
2 0.357187 0.457233 0.012275 0.033089
1 0.371444 0.516022 0.023362 0.032400
1 0.401144 0.531156 0.023362 0.030267
2 0.431044 0.508989 0.050688 0.076022
1 0.463325 0.513211 0.014650 0.025356
1 0.491044 0.525178 0.026537 0.030978
1 0.551631 0.485400 0.022563 0.027467
1 0.585487 0.493844 0.027725 0.030267
1 0.612419 0.507578 0.021388 0.021111
1 0.630831 0.492433 0.039213 0.033089
1 0.682713 0.527289 0.024950 0.032400
1 0.695563 0.507522 0.015875 0.028067
1 0.680531 0.464278 0.022963 0.030289
1 0.713800 0.470267 0.022175 0.029556
1 0.718944 0.500533 0.025337 0.032400
1 0.780725 0.473433 0.030100 0.024644
1 0.782900 0.510744 0.025750 0.030289
1 0.801319 0.537500 0.035637 0.035889
1 0.924075 0.481178 0.017425 0.031689
1 0.954181 0.493144 0.043563 0.035889
1 0.846856 0.480822 0.030087 0.029556
1 0.834181 0.510744 0.035637 0.040111
1 0.878037 0.537100 0.052825 0.043978
1 0.987225 0.564311 0.025550 0.091200
1 0.013800 0.595978 0.027600 0.047911
1 0.844225 0.686667 0.095075 0.113778
