1 0.424075 0.483956 0.022675 0.032267
2 0.981962 0.688978 0.036075 0.225644
1 0.982738 0.563078 0.034525 0.045400
2 0.713525 0.461911 0.058600 0.071067
1 0.564787 0.479967 0.025750 0.031933
1 0.500588 0.505544 0.020525 0.031178
1 0.529519 0.468678 0.023888 0.026600
1 0.442544 0.479356 0.017287 0.026889
1 0.955050 0.546989 0.016325 0.048156
1 0.533069 0.538578 0.026938 0.047111
1 0.822575 0.718167 0.091850 0.107667
1 0.141013 0.587611 0.044525 0.056778
1 0.657550 0.477278 0.027600 0.042333
1 0.619631 0.548122 0.038987 0.052200
1 0.778650 0.507844 0.030700 0.029200
1 0.701206 0.514256 0.034338 0.039044
1 0.477431 0.458800 0.017062 0.023422
1 0.448694 0.443056 0.014038 0.018822
1 0.422994 0.436733 0.012737 0.019200
1 0.400856 0.473589 0.017712 0.029178
1 0.331512 0.480689 0.018575 0.022667
1 0.358088 0.473589 0.017275 0.021489
1 0.348150 0.452467 0.010800 0.016133
1 0.355712 0.441333 0.011225 0.024578
2 0.331194 0.435578 0.016638 0.039156
1 0.293075 0.448044 0.016850 0.020356
1 0.383575 0.432511 0.012100 0.019200
1 0.399987 0.433456 0.012525 0.019578
1 0.385950 0.488956 0.021600 0.027644
1 0.484769 0.439989 0.009287 0.016511
