1 0.254462 0.657900 0.025925 0.044244
1 0.406262 0.937578 0.050700 0.085156
1 0.450881 0.926511 0.041713 0.065244
1 0.532837 0.924856 0.047000 0.061933
1 0.307337 0.826422 0.041400 0.058622
2 0.197400 0.766156 0.079625 0.161467
1 0.244194 0.771400 0.026462 0.062489
1 0.091337 0.730211 0.035450 0.048644
1 0.149194 0.721367 0.018662 0.060822
1 0.123062 0.685689 0.039200 0.080178
1 0.085887 0.676856 0.034525 0.058067
1 0.049656 0.673256 0.023637 0.043133
1 0.009900 0.664411 0.019800 0.042022
1 0.448113 0.678467 0.035075 0.050444
1 0.499806 0.687056 0.039187 0.058467
1 0.560087 0.704611 0.042550 0.065711
1 0.720619 0.693778 0.041687 0.056844
3 0.319344 0.662411 0.034713 0.053089
1 0.662512 0.698567 0.034775 0.041089
1 0.660681 0.670156 0.039738 0.042622
1 0.957669 0.777333 0.044412 0.057067
2 0.398581 0.631478 0.051137 0.090911
1 0.283612 0.660667 0.033975 0.045156
