3 0.643350 0.249378 0.005125 0.006444
1 0.111375 0.485844 0.082725 0.087200
1 0.596388 0.261800 0.013625 0.018222
1 0.560062 0.290556 0.017125 0.019778
1 0.508537 0.299689 0.019675 0.030889
1 0.721213 0.251022 0.005675 0.009333
1 0.937606 0.372389 0.019663 0.024956
1 0.651412 0.248267 0.006250 0.009111
1 0.636862 0.252978 0.008975 0.014000
1 0.713788 0.262267 0.008125 0.012444
1 0.706850 0.254822 0.006250 0.010000
1 0.715662 0.278933 0.010625 0.017778
1 0.692913 0.274489 0.009375 0.015111
1 0.668162 0.305378 0.033875 0.040889
