1 0.613413 0.541233 0.054925 0.068644
1 0.344950 0.353056 0.009550 0.015844
1 0.370669 0.385444 0.016812 0.020356
1 0.417737 0.390689 0.017000 0.018711
1 0.328956 0.343022 0.009062 0.016133
1 0.395844 0.370856 0.027563 0.032111
1 0.363413 0.360000 0.017500 0.021778
1 0.511487 0.423700 0.026525 0.028156
1 0.594931 0.453600 0.043637 0.042578
1 0.538725 0.543489 0.058300 0.076133
1 0.460187 0.407378 0.027500 0.029333
0 0.342569 0.380889 0.008012 0.025733
1 0.317400 0.361111 0.011250 0.016889
1 0.306294 0.350178 0.012312 0.021111
2 0.295594 0.337311 0.012963 0.023822
1 0.550019 0.453944 0.033787 0.043178
1 0.444081 0.434022 0.031662 0.041556
1 0.390869 0.419111 0.026437 0.038133
