1 0.902925 0.602967 0.040500 0.043978
1 0.742500 0.566178 0.035500 0.042311
1 0.781513 0.531611 0.033025 0.033667
1 0.722600 0.530033 0.030650 0.029400
1 0.640850 0.556567 0.026800 0.037978
1 0.603625 0.559844 0.030750 0.043867
2 0.381681 0.547356 0.044362 0.069289
1 0.421300 0.501500 0.011000 0.013889
1 0.171187 0.569856 0.018875 0.026822
1 0.500306 0.662100 0.041137 0.066556
1 0.611169 0.618533 0.039412 0.052267
1 0.555294 0.621022 0.033663 0.050400
1 0.487675 0.606267 0.029400 0.034133
1 0.520494 0.590000 0.026512 0.034667
1 0.973938 0.626100 0.052125 0.057978
1 0.135156 0.607533 0.021187 0.033378
1 0.301044 0.544767 0.013738 0.028556
1 0.393331 0.500667 0.013313 0.020356
1 0.227987 0.515111 0.012100 0.015778
1 0.818181 0.602456 0.036562 0.042200
1 0.157469 0.629611 0.027688 0.036956
1 0.032325 0.652378 0.035575 0.050978
1 0.007812 0.679533 0.015625 0.031689
1 0.682194 0.689167 0.046412 0.054467
1 0.375294 0.596411 0.031538 0.029800
1 0.682194 0.578800 0.042463 0.050978
1 0.544237 0.549900 0.024725 0.042200
1 0.583181 0.534967 0.019637 0.022511
1 0.627788 0.538356 0.016050 0.016711
1 0.513538 0.528167 0.022250 0.032200
1 0.532438 0.518589 0.016525 0.021178
1 0.504600 0.505922 0.014450 0.022067
1 0.474694 0.515744 0.015613 0.017933
1 0.430119 0.517367 0.018587 0.021178
1 0.348075 0.548744 0.019050 0.030156
1 0.311287 0.555256 0.017900 0.027711
1 0.301906 0.513089 0.010087 0.012622
1 0.310731 0.517378 0.010313 0.014667
1 0.324700 0.521044 0.013550 0.022000
1 0.336844 0.513500 0.011262 0.017533
1 0.443181 0.510244 0.012163 0.021600
1 0.454750 0.509011 0.009650 0.015889
