1 0.337000 0.378911 0.015500 0.024667
1 0.973631 0.619144 0.052738 0.118111
1 0.485362 0.409133 0.029475 0.036489
1 0.416375 0.412578 0.026000 0.035111
1 0.393500 0.398800 0.018500 0.027556
1 0.372562 0.382022 0.015375 0.018889
1 0.352625 0.385800 0.013500 0.018889
1 0.367438 0.406022 0.015875 0.026889
1 0.337125 0.361689 0.011250 0.013333
1 0.350000 0.350022 0.009250 0.013556
2 0.306375 0.350800 0.014500 0.022222
1 0.296125 0.345667 0.006750 0.012222
1 0.355687 0.372289 0.013825 0.018444
1 0.815131 0.580322 0.108988 0.092244
1 0.370487 0.360967 0.010150 0.015756
