1 0.177525 0.402578 0.029075 0.041067
1 0.096956 0.367622 0.021013 0.024800
1 0.739437 0.785600 0.121125 0.131378
1 0.454794 0.447911 0.047863 0.061111
1 0.394425 0.421267 0.030525 0.034222
1 0.284425 0.388756 0.032175 0.036667
1 0.216225 0.370178 0.026675 0.032756
1 0.007869 0.351667 0.015463 0.023422
1 0.021906 0.368133 0.019862 0.021733
1 0.056569 0.373900 0.018137 0.020378
1 0.869081 0.743622 0.165662 0.176400
1 0.621025 0.611022 0.086975 0.110711
1 0.455075 0.576967 0.080825 0.103400
1 0.268594 0.424289 0.032338 0.041067
1 0.146231 0.376444 0.029788 0.034978
