2 0.331750 0.439122 0.018175 0.052289
1 0.202219 0.553044 0.024787 0.037022
1 0.126500 0.533411 0.029700 0.044600
1 0.168394 0.565956 0.035013 0.066356
1 0.416825 0.427511 0.012400 0.017956
1 0.446500 0.421600 0.014000 0.017556
1 0.466094 0.430767 0.015613 0.018778
1 0.479844 0.452167 0.018812 0.024067
1 0.511706 0.447689 0.020187 0.029778
1 0.556394 0.437300 0.018362 0.023667
1 0.570137 0.473756 0.024775 0.036311
1 0.180781 0.516400 0.025412 0.031689
1 0.375638 0.485867 0.025775 0.034089
1 0.400219 0.471522 0.018837 0.018289
1 0.417031 0.500578 0.021437 0.029511
1 0.425481 0.463900 0.021112 0.031089
1 0.451044 0.475889 0.028087 0.036444
1 0.545606 0.515511 0.027713 0.032267
1 0.468550 0.560989 0.037300 0.051622
1 0.561612 0.604989 0.054450 0.077444
1 0.641950 0.576800 0.048875 0.061067
1 0.650712 0.676856 0.069625 0.074511
1 0.816688 0.641922 0.057125 0.096289
1 0.776444 0.684189 0.066988 0.091533
1 0.610244 0.469067 0.025237 0.031822
1 0.625487 0.460511 0.018125 0.026933
1 0.701237 0.469089 0.024750 0.023644
1 0.728500 0.487811 0.019275 0.034244
1 0.702838 0.501044 0.033025 0.046889
1 0.792194 0.463578 0.022862 0.024578
1 0.852544 0.537078 0.044712 0.051622
1 0.986637 0.589556 0.026725 0.070222
1 0.371856 0.455389 0.017488 0.032867
