1 0.414294 0.575600 0.022438 0.017022
1 0.431225 0.567389 0.011875 0.010556
1 0.403169 0.560922 0.010562 0.012911
1 0.221037 0.860778 0.055500 0.091244
1 0.263469 0.951378 0.084237 0.097244
1 0.365425 0.932522 0.092450 0.134956
1 0.483312 0.612956 0.014575 0.014178
1 0.570075 0.647667 0.020350 0.020044
1 0.654638 0.676022 0.028875 0.027867
1 0.465138 0.571444 0.016500 0.018578
1 0.533337 0.581711 0.015400 0.014667
1 0.617212 0.589533 0.028600 0.021511
1 0.693113 0.592956 0.021450 0.019556
1 0.726525 0.595400 0.033275 0.022489
1 0.884506 0.597844 0.040187 0.026400
