1 0.064650 0.557333 0.025875 0.031778
1 0.006069 0.594489 0.012138 0.044489
1 0.191450 0.649000 0.037400 0.050844
1 0.266662 0.746044 0.042625 0.061111
1 0.316300 0.839911 0.051700 0.074800
1 0.383400 0.870711 0.059950 0.096311
1 0.450225 0.920578 0.057200 0.086533
1 0.581406 0.938911 0.064363 0.088000
1 0.626494 0.928644 0.052288 0.082133
1 0.593375 0.978989 0.057475 0.042022
1 0.685225 0.975322 0.073425 0.049356
1 0.731688 0.967256 0.061900 0.065489
1 0.358650 0.598489 0.033925 0.045644
1 0.628263 0.623333 0.033250 0.048889
1 0.613031 0.603589 0.034838 0.050111
1 0.562944 0.592778 0.029588 0.041556
1 0.571656 0.614167 0.031412 0.042778
1 0.533513 0.606633 0.031625 0.038289
1 0.492588 0.597678 0.032800 0.040733
1 0.545544 0.638822 0.033688 0.045644
1 0.930881 0.720300 0.045862 0.057844
1 0.892506 0.754322 0.060737 0.076200
1 0.827537 0.738633 0.058675 0.089622
1 0.762569 0.734356 0.049738 0.058267
1 0.684525 0.729467 0.041275 0.051733
1 0.677875 0.709100 0.047225 0.053356
1 0.728881 0.635767 0.040563 0.055800
1 0.652206 0.630878 0.036238 0.046867
