2 0.653900 0.729544 0.118775 0.163400
2 0.955812 0.763467 0.088375 0.179644
1 0.882600 0.741967 0.055900 0.075489
1 0.524100 0.656922 0.033325 0.048733
1 0.545713 0.645233 0.032200 0.053000
1 0.584931 0.680756 0.034988 0.063378
1 0.394444 0.636600 0.030487 0.053644
2 0.310306 0.607556 0.057537 0.105067
1 0.284963 0.745800 0.042925 0.064133
1 0.146544 0.761000 0.046038 0.061378
1 0.098956 0.721744 0.042313 0.063578
1 0.266763 0.835933 0.055050 0.106178
1 0.312625 0.817411 0.040475 0.061400
1 0.297869 0.967733 0.078687 0.064533
1 0.431144 0.955378 0.060963 0.088489
1 0.527569 0.950678 0.063462 0.093444
1 0.021056 0.678678 0.036112 0.044778
