1 0.482938 0.486911 0.016100 0.030000
2 0.534500 0.539011 0.072075 0.115622
1 0.435894 0.510422 0.025688 0.032756
1 0.416838 0.425856 0.015050 0.018467
1 0.466750 0.499378 0.024100 0.033644
1 0.812444 0.721144 0.078113 0.100867
2 0.740675 0.472522 0.068850 0.083133
2 0.352081 0.435733 0.022638 0.047778
1 0.706550 0.577100 0.040350 0.045800
1 0.656019 0.588600 0.051112 0.059244
1 0.624881 0.539400 0.036012 0.050622
1 0.579169 0.529844 0.017787 0.025778
1 0.620044 0.488289 0.026337 0.034400
1 0.675131 0.487811 0.035463 0.044911
1 0.586962 0.459144 0.022625 0.021978
1 0.126631 0.587167 0.037088 0.062111
1 0.249006 0.464800 0.014287 0.023556
1 0.361625 0.494511 0.017650 0.017556
1 0.502631 0.442911 0.017137 0.034133
1 0.458437 0.426089 0.011175 0.018000
1 0.369544 0.471733 0.017888 0.021644
1 0.395975 0.454889 0.016350 0.022178
1 0.348019 0.459722 0.016362 0.027222
1 0.382231 0.461111 0.012213 0.018933
1 0.330138 0.450056 0.012200 0.021711
1 0.301231 0.449589 0.012988 0.018956
1 0.260675 0.446367 0.012725 0.014333
1 0.003719 0.607511 0.007438 0.044667
