1 0.424919 0.686133 0.041663 0.063689
1 0.449356 0.661900 0.030913 0.049533
1 0.545475 0.664400 0.032200 0.049156
1 0.850256 0.781189 0.048563 0.049222
1 0.906400 0.769300 0.048875 0.060822
1 0.974069 0.815200 0.051637 0.059733
1 0.028075 0.653400 0.021775 0.033733
1 0.319188 0.653211 0.022100 0.043000
1 0.233200 0.658378 0.023950 0.029289
1 0.103269 0.748544 0.038063 0.051756
1 0.218787 0.757833 0.045900 0.071667
2 0.241931 0.826178 0.060837 0.122089
1 0.291200 0.814333 0.043050 0.071644
1 0.398244 0.893167 0.048412 0.070067
1 0.462069 0.972456 0.056037 0.055089
