1 0.446437 0.559956 0.017050 0.027378
1 0.161112 0.658233 0.038225 0.046956
1 0.158912 0.786578 0.045925 0.058178
2 0.664506 0.882989 0.659237 0.234022
1 0.500887 0.497378 0.015950 0.022489
1 0.547775 0.469756 0.015675 0.025911
2 0.676900 0.527367 0.023100 0.046156
2 0.660525 0.452400 0.018975 0.033244
2 0.706175 0.448244 0.023375 0.038622
1 0.535950 0.521822 0.018975 0.027378
1 0.507356 0.522511 0.019537 0.028756
1 0.321575 0.661411 0.051150 0.068956
1 0.341375 0.626444 0.026950 0.029333
1 0.304800 0.587822 0.026950 0.033244
