1 0.504625 0.494122 0.011300 0.012200
1 0.559700 0.492689 0.009275 0.015067
1 0.577450 0.486589 0.011700 0.015800
1 0.601463 0.480500 0.008875 0.012200
2 0.596019 0.463278 0.027037 0.023667
1 0.148544 0.500933 0.020587 0.020089
3 0.014456 0.529633 0.028912 0.034422
1 0.371494 0.522878 0.017812 0.016733
1 0.561863 0.558322 0.014975 0.021533
1 0.463413 0.522100 0.012550 0.013622
1 0.405106 0.545056 0.016987 0.019356
1 0.333281 0.579122 0.021838 0.024378
1 0.267919 0.613556 0.026663 0.028711
1 0.211812 0.646989 0.030675 0.033000
1 0.043031 0.517078 0.025812 0.019356
1 0.246187 0.480856 0.013325 0.017222
1 0.261525 0.472922 0.014925 0.018733
1 0.382369 0.465078 0.012912 0.012911
1 0.363200 0.459689 0.012500 0.013644
1 0.410212 0.458611 0.011300 0.014333
2 0.452775 0.498778 0.047200 0.031556
1 0.547600 0.479778 0.008475 0.010756
