1 0.459299 0.543412 0.027099 0.046583
1 0.470654 0.519787 0.014328 0.021537
2 0.583635 0.529144 0.041875 0.041843
1 0.412497 0.516569 0.013526 0.018528
1 0.371099 0.521556 0.019906 0.025741
1 0.327630 0.507736 0.012281 0.015787
1 0.292406 0.516861 0.015552 0.018556
1 0.318143 0.503880 0.011974 0.013000
1 0.274211 0.500963 0.012443 0.017722
1 0.229654 0.496815 0.012286 0.014407
1 0.205857 0.497366 0.012286 0.014398
1 0.185406 0.495292 0.008708 0.011361
1 0.112888 0.494449 0.011818 0.012435
1 0.134086 0.493222 0.008714 0.010537
1 0.096138 0.489764 0.008089 0.010250
1 0.082221 0.488106 0.007932 0.010806
1 0.696615 0.551139 0.030958 0.039907
