1 0.478863 0.287911 0.008450 0.012489
1 0.064012 0.919556 0.128025 0.160844
1 0.476194 0.527189 0.075138 0.090511
1 0.900437 0.329556 0.007625 0.012000
1 0.627506 0.350500 0.036487 0.051444
1 0.673500 0.304667 0.015500 0.020444
1 0.710938 0.300111 0.017125 0.025778
1 0.696569 0.278778 0.011138 0.014222
1 0.699250 0.270889 0.010000 0.013556
1 0.722937 0.259889 0.008625 0.012444
1 0.704063 0.262778 0.008125 0.016000
1 0.707688 0.256111 0.009375 0.016000
2 0.402650 0.344278 0.070950 0.082556
1 0.446144 0.292200 0.019763 0.023511
2 0.520687 0.283000 0.056125 0.070444
1 0.575069 0.285389 0.015263 0.016244
1 0.576013 0.268956 0.012875 0.022889
1 0.916125 0.356222 0.017250 0.023111
1 0.894762 0.320556 0.006875 0.010667
1 0.878287 0.317622 0.007825 0.009644
