1 0.768812 0.621167 0.031425 0.043667
2 0.635463 0.906433 0.729075 0.187133
1 0.510881 0.474300 0.022112 0.021578
1 0.414756 0.528211 0.035763 0.042022
1 0.527356 0.529600 0.016487 0.021556
1 0.345550 0.583511 0.020525 0.025422
1 0.289094 0.595400 0.023338 0.030400
1 0.182875 0.649033 0.030475 0.041489
1 0.255163 0.715178 0.035150 0.042578
1 0.605513 0.482044 0.013200 0.019467
1 0.573788 0.503911 0.013650 0.020000
1 0.666925 0.463022 0.014400 0.017067
1 0.682075 0.477022 0.014400 0.027467
1 0.664825 0.499556 0.012000 0.029333
1 0.657300 0.542644 0.015550 0.026000
1 0.696344 0.590756 0.021462 0.033733
