1 0.541550 0.448322 0.006650 0.008556
1 0.609638 0.487378 0.010050 0.011600
1 0.507700 0.451911 0.010725 0.010756
1 0.480337 0.452400 0.009350 0.011733
1 0.570962 0.476033 0.011000 0.013267
1 0.623725 0.476889 0.007025 0.012178
1 0.371163 0.461489 0.010900 0.011733
1 0.553987 0.496389 0.010900 0.015844
1 0.567844 0.512822 0.008912 0.012311
1 0.276944 0.478800 0.012538 0.014667
1 0.178600 0.496111 0.017825 0.017600
1 0.025313 0.524267 0.034650 0.041067
1 0.264900 0.638378 0.028700 0.032267
1 0.390975 0.555100 0.015600 0.018333
1 0.427656 0.552244 0.015588 0.019956
1 0.473481 0.523322 0.013313 0.015889
1 0.551050 0.540422 0.010800 0.017511
1 0.555519 0.558356 0.011938 0.015911
1 0.589206 0.576289 0.021112 0.027289
1 0.595631 0.495267 0.008762 0.011022
