1 0.411737 0.560400 0.046650 0.066356
1 0.403187 0.490444 0.012125 0.014933
1 0.294525 0.498111 0.010450 0.022578
1 0.766081 0.707889 0.072887 0.097467
1 0.696750 0.542722 0.029675 0.047133
1 0.760281 0.556489 0.032887 0.035644
1 0.651606 0.562844 0.039987 0.057333
1 0.687075 0.716433 0.067075 0.084956
2 0.584206 0.624711 0.069013 0.144578
1 0.919269 0.741722 0.078687 0.096333
1 0.615806 0.529589 0.030312 0.025222
1 0.535187 0.523233 0.022575 0.031089
1 0.482344 0.581678 0.030487 0.048111
1 0.416031 0.497489 0.010913 0.013822
1 0.274106 0.516133 0.013437 0.027067
1 0.345175 0.520033 0.013075 0.021000
1 0.332269 0.508144 0.011513 0.019356
1 0.375969 0.521144 0.012437 0.014378
1 0.386387 0.495689 0.014625 0.018800
1 0.375812 0.482989 0.009025 0.015489
1 0.439106 0.502333 0.013062 0.021022
1 0.408006 0.505378 0.009962 0.013822
1 0.497875 0.510067 0.007500 0.018800
1 0.459013 0.515333 0.014925 0.024889
1 0.484988 0.520033 0.017725 0.030956
1 0.365237 0.550989 0.030800 0.053089
