1 0.216800 0.707967 0.028200 0.031044
1 0.836781 0.599344 0.028213 0.022289
1 0.749719 0.597756 0.031337 0.025467
1 0.653919 0.595756 0.020588 0.018311
1 0.575806 0.585822 0.015663 0.015911
1 0.515156 0.611278 0.019688 0.023889
1 0.484712 0.612878 0.014325 0.020689
2 0.483819 0.567533 0.044763 0.030178
1 0.380187 0.603322 0.013875 0.019089
2 0.317075 0.570300 0.030000 0.039000
2 0.379294 0.549600 0.030888 0.023067
1 0.412200 0.578256 0.010750 0.015133
1 0.871919 0.603711 0.030438 0.026267
1 0.228894 0.686878 0.025512 0.038200
1 0.202706 0.787156 0.039387 0.058889
1 0.209419 0.745367 0.036713 0.056511
1 0.437494 0.588200 0.012087 0.022267
1 0.276562 0.970767 0.088625 0.058467
1 0.212550 0.851611 0.060875 0.125756
2 0.564169 0.688078 0.110562 0.112200
1 0.800075 0.735033 0.042525 0.037400
