1 0.495331 0.906867 0.050162 0.066889
1 0.305625 0.829067 0.052000 0.072444
1 0.270481 0.811156 0.038962 0.057333
2 0.208650 0.724356 0.079325 0.159244
1 0.264887 0.970067 0.080625 0.059867
2 0.584656 0.937422 0.140688 0.125156
1 0.024050 0.852167 0.048100 0.089978
2 0.088837 0.726344 0.055575 0.097933
1 0.118400 0.697678 0.034075 0.061311
1 0.049200 0.673800 0.037225 0.039022
1 0.153637 0.688733 0.030175 0.056400
1 0.875144 0.769133 0.045888 0.060356
1 0.901969 0.756689 0.038362 0.058533
1 0.843650 0.735489 0.039400 0.056667
1 0.787531 0.716144 0.038612 0.055756
1 0.739456 0.697711 0.036288 0.052978
1 0.703688 0.706689 0.037325 0.048844
1 0.623200 0.670067 0.034475 0.047467
1 0.611144 0.750011 0.039913 0.058067
1 0.576931 0.761756 0.044062 0.054844
1 0.507856 0.738489 0.040188 0.057156
1 0.461069 0.725811 0.034738 0.045622
1 0.492044 0.705078 0.041213 0.059444
1 0.560013 0.658756 0.028000 0.045111
1 0.588175 0.653444 0.031400 0.054400
1 0.450650 0.651789 0.038450 0.055089
1 0.372087 0.648467 0.032100 0.048444
1 0.343900 0.652444 0.022775 0.037822
