1 0.626737 0.449456 0.008825 0.011978
1 0.670519 0.449444 0.011938 0.015644
1 0.558219 0.493889 0.015312 0.021644
1 0.516250 0.530033 0.015825 0.022111
1 0.302912 0.587567 0.022275 0.023489
1 0.291125 0.610589 0.023575 0.025311
1 0.386375 0.617656 0.023100 0.030556
1 0.015500 0.755644 0.030000 0.042978
1 0.202931 0.655844 0.031163 0.032489
1 0.056012 0.710756 0.042975 0.049644
1 0.698625 0.449456 0.010650 0.011978
1 0.721156 0.439544 0.007538 0.009667
1 0.836244 0.643711 0.029537 0.031511
1 0.848463 0.967256 0.240600 0.065489
1 0.412719 0.970822 0.157713 0.058356
2 0.575319 0.448067 0.034488 0.034089
1 0.648888 0.461656 0.011675 0.014289
