1 0.354163 0.460722 0.010400 0.014289
1 0.297931 0.458644 0.005712 0.019333
1 0.528219 0.450122 0.019988 0.025356
1 0.249969 0.466478 0.018687 0.022111
1 0.243744 0.478456 0.014013 0.018422
1 0.342512 0.464178 0.012950 0.023956
2 0.509437 0.514833 0.079275 0.107533
2 0.431569 0.507900 0.054862 0.088378
2 0.688944 0.485322 0.042463 0.069756
1 0.975150 0.494878 0.046225 0.052556
1 0.903125 0.488667 0.044075 0.047778
1 0.809613 0.480067 0.031175 0.030578
1 0.740275 0.495833 0.040850 0.039178
1 0.649169 0.578489 0.047838 0.051600
1 0.594344 0.650622 0.055363 0.090756
1 0.583056 0.545522 0.030637 0.050644
1 0.531737 0.582789 0.034400 0.037267
1 0.643031 0.478867 0.016512 0.029333
1 0.624125 0.486456 0.026700 0.037089
1 0.579575 0.486456 0.019500 0.026422
1 0.584300 0.460867 0.019650 0.022133
1 0.552950 0.480056 0.016950 0.024822
1 0.394625 0.508467 0.020700 0.031467
1 0.366725 0.489256 0.021600 0.031489
1 0.386600 0.484067 0.016050 0.024800
1 0.397475 0.474722 0.014400 0.024822
1 0.457400 0.450867 0.014250 0.019733
1 0.474200 0.451400 0.018150 0.022400
1 0.489050 0.448856 0.009750 0.019489
1 0.420425 0.447667 0.013500 0.018133
1 0.435125 0.438056 0.014100 0.022422
1 0.236300 0.485800 0.013650 0.024533
1 0.349100 0.481800 0.016050 0.026667
1 0.323681 0.465533 0.015613 0.020800
