1 0.492737 0.546411 0.053700 0.074333
1 0.729394 0.679478 0.108812 0.142778
1 0.446400 0.581467 0.115000 0.122489
1 0.740563 0.547256 0.067475 0.072644
1 0.642906 0.536700 0.074612 0.081933
1 0.548338 0.481367 0.043250 0.050689
1 0.493688 0.459389 0.033750 0.045622
1 0.454244 0.461922 0.047037 0.060822
1 0.372831 0.423578 0.035637 0.052800
1 0.293438 0.404233 0.029700 0.033800
1 0.250262 0.391556 0.022575 0.023956
1 0.210863 0.381356 0.020600 0.021822
2 0.296206 0.370089 0.059012 0.075333
1 0.163344 0.403522 0.025337 0.035222
1 0.160962 0.385222 0.026925 0.035200
1 0.100775 0.385922 0.026925 0.036600
1 0.069094 0.379233 0.020587 0.030289
1 0.127500 0.366911 0.019400 0.021111
