1 0.118175 0.860933 0.076500 0.104756
1 0.359350 0.872767 0.057975 0.084467
0 0.296856 0.763789 0.022337 0.065889
1 0.118887 0.704222 0.041825 0.063378
1 0.018575 0.605811 0.037150 0.060822
1 0.985225 0.751311 0.029550 0.061956
1 0.849075 0.746022 0.049500 0.062667
1 0.798975 0.753422 0.052275 0.066178
1 0.731062 0.650633 0.037625 0.046467
1 0.663350 0.631978 0.034450 0.044356
1 0.610256 0.661067 0.036437 0.044800
1 0.548262 0.624400 0.035750 0.041556
1 0.485356 0.599744 0.040112 0.072111
1 0.404575 0.599956 0.036675 0.059467
1 0.368025 0.607900 0.036900 0.050911
1 0.326988 0.606678 0.029125 0.041978
2 0.239888 0.568089 0.084150 0.090933
