1 0.748138 0.495611 0.030025 0.027889
1 0.717719 0.538756 0.031388 0.040756
1 0.563781 0.486456 0.010313 0.013444
1 0.768025 0.646433 0.059225 0.073756
1 0.320175 0.469944 0.009850 0.013844
1 0.375175 0.467100 0.010775 0.013044
2 0.445387 0.452933 0.029425 0.039600
1 0.517975 0.494444 0.014600 0.018089
1 0.645981 0.598856 0.041937 0.047667
1 0.583994 0.586633 0.045837 0.066422
1 0.536212 0.606589 0.034600 0.045222
1 0.496450 0.582356 0.031175 0.050533
1 0.475019 0.544867 0.028188 0.040756
2 0.340381 0.487222 0.036213 0.063156
1 0.158244 0.550222 0.026737 0.036667
1 0.181831 0.539689 0.020813 0.027156
1 0.244181 0.483500 0.011088 0.020022
1 0.458725 0.489078 0.014700 0.018333
1 0.498850 0.496400 0.019300 0.024089
1 0.441556 0.481633 0.016238 0.025133
1 0.425606 0.475011 0.014513 0.021400
2 0.404025 0.455833 0.015275 0.027844
1 0.676794 0.518433 0.025887 0.030867
1 0.661550 0.501100 0.018975 0.020556
1 0.641331 0.517978 0.028062 0.032756
1 0.617938 0.496922 0.014875 0.025000
1 0.600075 0.499367 0.019800 0.025000
1 0.604600 0.527200 0.022300 0.027867
1 0.569263 0.506211 0.020375 0.026956
1 0.539850 0.492756 0.015400 0.024400
1 0.791181 0.547444 0.036562 0.043956
