1 0.359887 0.492822 0.017475 0.020800
1 0.991075 0.608833 0.017850 0.065356
2 0.876188 0.742822 0.247625 0.297911
1 0.760775 0.550556 0.039050 0.045556
1 0.582738 0.606022 0.046025 0.062622
1 0.639025 0.599600 0.038450 0.047467
1 0.765675 0.479467 0.026400 0.028267
1 0.481119 0.461311 0.015862 0.018267
1 0.445050 0.451933 0.012000 0.019333
1 0.513713 0.459400 0.024125 0.040000
1 0.457619 0.451189 0.012762 0.022067
1 0.685488 0.509700 0.033975 0.041489
1 0.318119 0.452522 0.008512 0.027844
1 0.336225 0.453944 0.010800 0.022111
1 0.719862 0.496478 0.030275 0.038600
1 0.249875 0.472578 0.013000 0.019378
1 0.360825 0.463778 0.013350 0.024000
1 0.430000 0.448067 0.013000 0.018356
2 0.191256 0.517189 0.027488 0.042511
1 0.048300 0.590956 0.045650 0.054089
1 0.605938 0.507667 0.028375 0.036222
1 0.410062 0.487889 0.014875 0.020222
1 0.405525 0.445622 0.012975 0.022756
1 0.463587 0.547367 0.028575 0.038156
1 0.429250 0.555444 0.033500 0.047333
1 0.892631 0.493133 0.032237 0.025289
1 0.338831 0.481944 0.016388 0.022422
