1 0.887430 0.586477 0.047328 0.052787
1 0.589008 0.539815 0.022339 0.026500
1 0.210680 0.500347 0.009891 0.009287
1 0.250336 0.514718 0.009516 0.012935
1 0.271797 0.513292 0.009677 0.012898
2 0.402805 0.518310 0.039505 0.050639
1 0.306276 0.519171 0.013438 0.020065
1 0.351073 0.527148 0.017198 0.024370
1 0.390846 0.537181 0.018276 0.023417
1 0.440966 0.516875 0.020693 0.020065
1 0.454000 0.539329 0.022573 0.031528
1 0.805586 0.709162 0.063391 0.072750
1 0.854135 0.677065 0.072219 0.088444
1 0.752224 0.643542 0.051354 0.067046
1 0.696052 0.624995 0.041729 0.041380
1 0.756638 0.569361 0.031297 0.032815
1 0.562044 0.590046 0.035307 0.039944
1 0.644060 0.551005 0.024609 0.023120
1 0.468057 0.553093 0.025260 0.033444
1 0.164677 0.492056 0.009333 0.012611
1 0.202187 0.494375 0.010823 0.014602
