1 0.968000 0.705267 0.050525 0.055422
1 0.956587 0.777411 0.086825 0.083133
1 0.586156 0.617844 0.022737 0.035956
1 0.701163 0.643956 0.017425 0.041467
1 0.775500 0.719433 0.052250 0.032067
1 0.772388 0.763111 0.053500 0.057511
1 0.853881 0.731033 0.039813 0.061933
1 0.826044 0.761456 0.047588 0.068556
1 0.671925 0.645333 0.041675 0.058622
1 0.617369 0.635933 0.030737 0.046444
1 0.556369 0.625700 0.032663 0.050333
1 0.646881 0.741822 0.043862 0.058044
1 0.526512 0.676300 0.036400 0.053089
1 0.373462 0.881578 0.060850 0.090889
1 0.298813 0.840767 0.048150 0.061044
1 0.366181 0.769778 0.045538 0.058400
1 0.259625 0.750856 0.058600 0.077622
1 0.151381 0.738256 0.043662 0.049756
1 0.197850 0.707389 0.040300 0.053089
1 0.233481 0.680522 0.037738 0.053756
1 0.146900 0.668911 0.040675 0.054400
1 0.131225 0.716022 0.041425 0.049111
1 0.053381 0.657967 0.042588 0.060378
1 0.118906 0.625111 0.033962 0.046444
1 0.156400 0.628433 0.040350 0.045133
1 0.063088 0.613167 0.036625 0.042467
1 0.659950 0.697300 0.040750 0.051978
1 0.214694 0.603533 0.028938 0.038711
1 0.254763 0.609456 0.033150 0.039800
1 0.404825 0.610711 0.029025 0.041022
1 0.448113 0.654022 0.036800 0.043778
1 0.491919 0.659322 0.039913 0.063578
1 0.393656 0.653656 0.038963 0.051756
1 0.190756 0.647278 0.044338 0.070867
