1 0.584231 0.562778 0.032963 0.042444
1 0.735187 0.490644 0.025375 0.032400
1 0.664100 0.505267 0.028200 0.036311
1 0.867375 0.536489 0.045750 0.054133
1 0.550131 0.622278 0.044738 0.051444
1 0.495994 0.518300 0.028987 0.039089
1 0.566338 0.528667 0.026175 0.035111
1 0.593313 0.464500 0.023125 0.031444
1 0.767750 0.534667 0.036750 0.052889
1 0.262587 0.453300 0.013825 0.026911
1 0.246175 0.469422 0.018575 0.020000
1 0.234081 0.480944 0.015987 0.025400
1 0.243150 0.510700 0.017275 0.025000
1 0.229219 0.521456 0.023113 0.030378
1 0.347319 0.467244 0.017312 0.024578
1 0.366863 0.477044 0.017950 0.034933
1 0.384806 0.474167 0.007563 0.026867
1 0.665500 0.634978 0.056175 0.072267
1 0.620806 0.483856 0.022638 0.030511
1 0.491594 0.455144 0.007137 0.019800
1 0.477969 0.451589 0.017887 0.037578
1 0.522663 0.454489 0.017750 0.037111
1 0.565969 0.447256 0.008137 0.029800
2 0.546906 0.440489 0.027238 0.051600
1 0.692181 0.488411 0.028537 0.035933
1 0.400788 0.464567 0.022250 0.039178
1 0.501725 0.449489 0.009625 0.016000
1 0.409687 0.436400 0.010375 0.016178
1 0.428369 0.436389 0.011013 0.015400
1 0.448787 0.437356 0.014250 0.023467
1 0.339381 0.448878 0.010162 0.018867
1 0.403219 0.499233 0.020313 0.028644
1 0.351906 0.445600 0.012312 0.016889
1 0.298669 0.455600 0.011662 0.017689
