1 0.549994 0.476333 0.011562 0.015244
1 0.339213 0.519778 0.016825 0.017244
1 0.370919 0.508833 0.014588 0.017889
1 0.382663 0.548956 0.016450 0.021200
1 0.422763 0.571833 0.021300 0.024556
1 0.434887 0.489600 0.015700 0.017911
1 0.486744 0.503867 0.012713 0.015911
1 0.666544 0.456778 0.010487 0.014578
1 0.338962 0.649000 0.028650 0.037422
1 0.279425 0.614778 0.023275 0.027867
1 0.292388 0.589722 0.024225 0.028644
1 0.325063 0.589722 0.023325 0.030244
1 0.144919 0.823289 0.049688 0.050133
1 0.514350 0.483311 0.011225 0.015911
