1 0.874381 0.645656 0.074988 0.086022
1 0.014625 0.616611 0.029250 0.055667
2 0.557063 0.519100 0.076125 0.112467
1 0.259000 0.454500 0.012775 0.010511
1 0.392300 0.460744 0.006475 0.018244
1 0.849150 0.477778 0.029150 0.025956
1 0.820037 0.472467 0.025425 0.032578
2 0.449813 0.419789 0.022125 0.034867
1 0.066806 0.608233 0.053887 0.066911
1 0.289594 0.444178 0.009938 0.010000
1 0.543950 0.445389 0.013150 0.021444
1 0.709906 0.492589 0.026462 0.033267
1 0.686806 0.518378 0.027888 0.030800
2 0.353688 0.457222 0.032875 0.058444
1 0.365037 0.501333 0.018175 0.024000
1 0.412325 0.486889 0.016350 0.020444
1 0.436894 0.477589 0.016463 0.027933
1 0.380469 0.466267 0.016188 0.033422
1 0.903444 0.525667 0.039363 0.035333
1 0.602025 0.478389 0.026200 0.028778
1 0.695506 0.465133 0.018538 0.019956
1 0.731687 0.466878 0.021125 0.027089
1 0.660863 0.480522 0.028225 0.037756
1 0.787188 0.464989 0.029625 0.032244
1 0.907562 0.481956 0.031025 0.028978
1 0.877969 0.475078 0.026312 0.028511
1 0.945250 0.486667 0.034500 0.027556
1 0.558219 0.448444 0.014312 0.026667
1 0.510269 0.449589 0.016463 0.021711
1 0.496894 0.438967 0.014763 0.024956
1 0.489769 0.461567 0.014213 0.023089
1 0.101737 0.592033 0.016200 0.043133
1 0.474844 0.442744 0.014313 0.022511
1 0.458256 0.447733 0.012737 0.018311
1 0.426406 0.434089 0.010687 0.015378
1 0.622537 0.456233 0.019675 0.025756
