1 0.373844 0.369489 0.014063 0.016889
1 0.570306 0.461833 0.050113 0.052600
1 0.635969 0.479311 0.046663 0.046844
1 0.563713 0.523644 0.043425 0.055733
1 0.390475 0.421689 0.024425 0.039200
1 0.415219 0.381200 0.014687 0.018044
1 0.473019 0.487922 0.046212 0.061489
1 0.945312 0.605022 0.109375 0.115289
1 0.817425 0.593233 0.090950 0.091711
1 0.298831 0.345144 0.005763 0.012467
1 0.342081 0.346811 0.023013 0.019356
1 0.429313 0.397211 0.016175 0.021978
1 0.316581 0.336367 0.012012 0.015356
2 0.489319 0.393867 0.066112 0.068711
