1 0.227006 0.253389 0.008663 0.013089
2 0.277656 0.272389 0.017512 0.018867
1 0.284788 0.282378 0.007575 0.010400
1 0.950487 0.519567 0.071325 0.059444
1 0.257494 0.349878 0.023287 0.034244
1 0.192119 0.319211 0.017963 0.023889
1 0.176025 0.284578 0.016125 0.021511
1 0.307575 0.287178 0.009100 0.013867
1 0.147625 0.242633 0.005850 0.009267
1 0.487156 0.733567 0.118412 0.185756
1 0.263400 0.274500 0.007150 0.010022
3 0.192812 0.219333 0.004375 0.006444
3 0.144750 0.215000 0.004250 0.007556
3 0.192125 0.226422 0.005500 0.005778
3 0.142244 0.226333 0.004262 0.008000
3 0.138187 0.209111 0.004875 0.010000
