1 0.562725 0.481967 0.008250 0.009356
1 0.010937 0.523067 0.021875 0.028933
1 0.092312 0.504833 0.023800 0.027444
1 0.231719 0.491456 0.017463 0.016200
1 0.262800 0.474211 0.020225 0.019711
1 0.319069 0.466389 0.028263 0.025133
1 0.348950 0.457733 0.014700 0.015289
1 0.415319 0.458411 0.013362 0.015267
1 0.527550 0.503767 0.012600 0.013844
1 0.441494 0.511300 0.022463 0.021578
1 0.130000 0.698578 0.039350 0.044489
1 0.574069 0.487467 0.010313 0.012222
3 0.625406 0.469544 0.009862 0.016289
1 0.369250 0.578533 0.020100 0.022489
2 0.563269 0.545533 0.028088 0.050356
1 0.695962 0.622044 0.030550 0.030311
1 0.241788 0.627178 0.033025 0.039600
