1 0.339825 0.351011 0.007875 0.011356
1 0.335450 0.341244 0.007375 0.009556
1 0.539087 0.433644 0.027575 0.031822
1 0.354288 0.356756 0.012525 0.018089
1 0.291200 0.333900 0.006375 0.009578
1 0.305638 0.333567 0.007500 0.006244
1 0.323950 0.343789 0.005125 0.007578
1 0.860344 0.586122 0.087138 0.077978
1 0.615838 0.454911 0.040175 0.017956
1 0.313144 0.349878 0.012363 0.018244
1 0.550187 0.509511 0.059625 0.067644
1 0.377087 0.366789 0.012875 0.021578
1 0.613375 0.490400 0.048725 0.050222
1 0.406400 0.378344 0.017250 0.020689
1 0.484162 0.414133 0.026700 0.045156
1 0.444531 0.461778 0.038063 0.044889
