1 0.469813 0.454444 0.009875 0.012889
1 0.209775 0.485700 0.019450 0.022111
2 0.539744 0.481422 0.036288 0.033422
2 0.187225 0.464956 0.075950 0.035022
1 0.366463 0.462189 0.014525 0.015667
1 0.583806 0.472978 0.015562 0.024178
1 0.589850 0.498700 0.009500 0.014200
3 0.606650 0.468000 0.011550 0.012533
3 0.625325 0.463867 0.009900 0.011733
1 0.494325 0.454444 0.010825 0.017244
1 0.104413 0.510800 0.029550 0.033644
1 0.286500 0.473022 0.015800 0.017067
1 0.017969 0.525322 0.031363 0.027667
1 0.325769 0.472100 0.015038 0.017978
