1 0.552050 0.452867 0.036900 0.039600
2 0.406044 0.403478 0.031412 0.087356
1 0.682569 0.584278 0.094862 0.093667
1 0.499150 0.467878 0.041450 0.051356
1 0.457831 0.438522 0.030337 0.039400
1 0.314462 0.359456 0.009900 0.017311
1 0.328956 0.367933 0.014763 0.025956
1 0.303488 0.349378 0.009175 0.014444
1 0.294231 0.335967 0.008962 0.011178
1 0.343088 0.363444 0.013850 0.025956
2 0.374769 0.371767 0.029338 0.049000
1 0.357938 0.394967 0.014750 0.021800
1 0.423613 0.382867 0.017250 0.020444
1 0.458925 0.406756 0.023625 0.022444
