1 0.769419 0.599822 0.024087 0.017022
1 0.404669 0.584733 0.010688 0.012667
1 0.389625 0.558689 0.009900 0.014089
1 0.453381 0.585789 0.032863 0.028867
1 0.500700 0.624856 0.012675 0.015489
1 0.579994 0.639433 0.019462 0.021133
1 0.590387 0.587211 0.017825 0.015267
1 0.635106 0.585156 0.022763 0.018178
1 0.669425 0.593378 0.018800 0.017022
1 0.848619 0.601878 0.029363 0.019933
1 0.300244 0.570311 0.009237 0.015244
1 0.883437 0.786978 0.048175 0.036978
1 0.986600 0.811322 0.026800 0.039889
1 0.247794 0.609944 0.011913 0.019000
2 0.175325 0.645500 0.036475 0.073222
1 0.239875 0.653589 0.023800 0.030289
1 0.229175 0.670844 0.026175 0.030978
1 0.217319 0.704944 0.022963 0.021889
1 0.230763 0.691256 0.023000 0.030956
1 0.271550 0.701111 0.026975 0.052089
1 0.215319 0.743000 0.036463 0.061244
1 0.201856 0.788056 0.045188 0.082378
1 0.216112 0.858811 0.049150 0.085889
1 0.238088 0.929567 0.071725 0.131667
1 0.450350 0.980100 0.089925 0.039800
