1 0.995825 0.781167 0.008350 0.059444
1 0.452925 0.449467 0.011825 0.025422
1 0.425837 0.444822 0.009900 0.012222
1 0.408787 0.455822 0.011550 0.017600
1 0.441100 0.454111 0.009075 0.020044
1 0.332750 0.462911 0.012375 0.017111
1 0.410831 0.538300 0.029138 0.050689
1 0.010831 0.630600 0.021662 0.060756
1 0.070100 0.590011 0.036550 0.044600
1 0.180450 0.547933 0.028000 0.041556
1 0.241750 0.481022 0.013750 0.025333
1 0.431887 0.506178 0.019800 0.024444
1 0.444125 0.495178 0.017325 0.029822
1 0.344300 0.490533 0.015675 0.026400
1 0.323538 0.471956 0.011000 0.016622
1 0.345950 0.462422 0.010725 0.009289
1 0.552887 0.466089 0.019250 0.025422
1 0.522637 0.458756 0.014850 0.026400
1 0.506413 0.461200 0.017600 0.024444
1 0.485100 0.475378 0.014025 0.026400
1 0.474237 0.460711 0.010450 0.018578
1 0.464750 0.449956 0.010725 0.015644
1 0.877925 0.765622 0.120750 0.141511
1 0.857625 0.574344 0.050250 0.047756
1 0.902675 0.556044 0.037700 0.055778
1 0.845644 0.526644 0.035412 0.033467
2 0.778363 0.498256 0.054800 0.088200
2 0.546569 0.530222 0.071363 0.107556
2 0.378325 0.483044 0.042825 0.074000
1 0.678281 0.588989 0.038262 0.044600
1 0.644638 0.603189 0.040550 0.056778
1 0.713069 0.525633 0.032563 0.033444
1 0.625531 0.498256 0.029712 0.033444
1 0.599300 0.477478 0.020575 0.024333
1 0.538569 0.583922 0.030288 0.044600
1 0.509481 0.608756 0.043963 0.063867
1 0.485250 0.555033 0.037700 0.045622
