1 0.590831 0.976567 0.062738 0.046867
2 0.771600 0.928922 0.238375 0.142156
1 0.336213 0.781311 0.051900 0.074000
1 0.252669 0.714400 0.050188 0.074000
1 0.246106 0.920200 0.064437 0.076044
1 0.094137 0.834533 0.067300 0.089200
1 0.219019 0.652556 0.037638 0.055778
1 0.154587 0.614544 0.033075 0.050689
1 0.046081 0.597900 0.048313 0.061267
1 0.195988 0.577711 0.035200 0.040089
1 0.351775 0.591244 0.026400 0.032756
1 0.397837 0.589044 0.026675 0.037156
1 0.435787 0.625956 0.036025 0.045467
1 0.559944 0.596133 0.031388 0.032756
1 0.613312 0.626200 0.035750 0.055733
1 0.710513 0.638189 0.039900 0.048422
1 0.843888 0.665567 0.043200 0.056244
