3 0.275306 0.465144 0.014513 0.011978
3 0.303038 0.458689 0.014000 0.014756
3 0.324938 0.440033 0.004925 0.014289
3 0.343731 0.433811 0.015562 0.025800
3 0.286625 0.447111 0.012000 0.008889
3 0.272012 0.437756 0.012675 0.012089
3 0.291488 0.435933 0.012125 0.010222
3 0.307269 0.440367 0.015463 0.015133
1 0.189775 0.511189 0.026425 0.034244
1 0.220650 0.499244 0.025575 0.027867
2 0.501850 0.517467 0.077400 0.124311
1 0.259625 0.446244 0.012700 0.010133
1 0.368613 0.459156 0.017100 0.017511
1 0.419519 0.435156 0.013038 0.011156
1 0.589725 0.458633 0.019300 0.032644
1 0.418875 0.498044 0.027750 0.035022
