1 0.964760 0.795505 0.070479 0.116231
1 0.841034 0.673366 0.100286 0.110324
1 0.744349 0.636426 0.049865 0.062056
1 0.647411 0.621958 0.041365 0.068972
1 0.540315 0.579380 0.028859 0.046741
1 0.497323 0.567523 0.025385 0.036102
1 0.516932 0.559088 0.023010 0.032991
1 0.450674 0.544847 0.018401 0.022546
2 0.455727 0.512338 0.026943 0.041954
1 0.385492 0.537426 0.016391 0.022000
1 0.407513 0.518509 0.014693 0.014019
1 0.346435 0.523046 0.016234 0.022537
1 0.271305 0.512194 0.014922 0.018704
1 0.235117 0.511815 0.013422 0.017185
1 0.217555 0.506296 0.013109 0.017370
1 0.100352 0.498718 0.012620 0.013194
1 0.162516 0.505153 0.010021 0.011546
1 0.066901 0.495301 0.011167 0.012028
